resnum	nativeAA	Query	A	G	I	L	V	M	F	W	P	C	S	T	Y	N	Q	H	K	R	D	E	
1	M	1-M	-2	-4	0	1	0	9	-1	-3	-4	-3	-3	-2	-2	-3	-2	-3	-3	-3	-4	-3	
2	P	2-P	-2	-3	-4	-4	-3	-4	-5	-5	8	-4	-2	-2	-4	-3	-2	-3	-2	-3	-3	-2	
3	V	3-V	-1	-4	2	0	6	0	-2	-4	-3	-2	-3	-1	-2	-4	-3	-4	-3	-3	-4	-3	
4	R	4-R	-2	-3	-4	-3	-4	-2	-4	-4	-3	-5	-2	-2	-3	-1	0	-1	1	7	-3	-1	
5	R	5-R	-2	-3	-4	-3	-4	-2	-4	-4	-3	-5	-2	-2	-3	-1	0	-1	1	7	-3	-1	
6	G	6-G	-1	7	-5	-5	-4	-4	-4	-3	-3	-3	-1	-2	-4	-1	-3	-3	-2	-3	-2	-3	
7	H	7-H	-3	-3	-5	-4	-4	-3	-2	-4	-3	-4	-2	-3	1	0	-1	10	-2	-1	-2	-1	
8	V	8-V	-1	-4	2	0	6	0	-2	-4	-3	-2	-3	-1	-2	-4	-3	-4	-3	-3	-4	-3	
9	A	9-A	5	-1	-2	-2	-1	-2	-3	-3	-2	-1	0	-1	-3	-2	-2	-3	-2	-2	-3	-2	
10	P	10-P	-2	-3	-4	-4	-3	-4	-5	-5	8	-4	-2	-2	-4	-3	-2	-3	-2	-3	-3	-2	
11	Q	11-Q	-2	-3	-4	-3	-3	-1	-4	-3	-2	-4	-1	-2	-3	-1	7	-1	0	0	-1	1	
12	N	12-N	-3	-1	-4	-5	-4	-3	-4	-5	-3	-4	0	-1	-3	7	-1	0	-1	-1	0	-1	
13	T	13-T	-1	-3	-2	-2	-1	-2	-3	-3	-2	-2	1	6	-3	-1	-2	-3	-2	-2	-2	-2	
14	F	14-F	-3	-4	-1	0	-2	-1	8	0	-5	-3	-3	-3	3	-4	-4	-2	-4	-4	-5	-4	
15	L	15-L	-2	-5	1	5	0	1	0	-2	-4	-2	-3	-2	-2	-4	-3	-4	-3	-3	-5	-4	
16	D	16-D	-2	3	-4	-5	-4	-4	-4	-5	-2	-4	-1	-2	-4	0	-1	-1	-2	-3	6	0	
17	T	17-T	-1	-3	-1	-2	-1	-1	-3	-3	-2	-2	1	6	-3	-1	-2	-3	-2	-2	-2	-2	
18	I	18-I	-2	-5	6	1	2	0	-1	-4	-4	-2	-3	-2	-2	-4	-4	-4	-4	-4	-4	-4	
19	I	19-I	-2	-5	6	1	2	0	-1	-4	-4	-2	-3	-2	-2	-4	-4	-4	-4	-4	-4	-4	
20	R	20-R	-2	-3	-4	-3	-4	-2	-4	-4	-3	-5	-2	-2	-3	-1	0	-1	1	7	-3	-1	
21	K	21-K	-2	-2	-4	-3	-3	-2	-4	-4	-2	-4	-1	-2	-3	-1	1	-2	6	1	-2	0	
22	F	22-F	-3	-4	-1	0	-2	-1	8	0	-5	-3	-3	-3	2	-4	-4	-2	-4	-4	-5	-4	
23	E	23-E	-2	-3	-4	-4	-3	-3	-4	-4	-2	-5	-1	-2	-3	-1	1	-1	0	-1	3	6	
24	G	24-G	0	6	-4	-4	-4	-3	-4	-3	-3	-3	2	-1	-4	-1	-2	-3	-2	-3	-2	-2	
25	Q	25-Q	-2	-3	-4	-3	-3	-2	-4	-3	-2	-4	-1	-2	-3	-1	7	0	0	1	-1	1	
26	S	26-S	-1	-1	-4	-4	-3	-3	-4	-4	-2	-1	4	0	-3	5	-1	-1	-1	-1	0	-1	
27	R	27-R	-2	-3	-4	-3	-3	-2	-4	-4	-3	-4	-2	-2	-3	-1	0	-1	3	6	-2	-1	
28	K	28-K	-2	-3	-4	-4	-3	-2	-4	-4	-2	-4	-1	-2	-3	-1	0	-2	7	1	-2	0	
29	F	29-F	-3	-4	-1	-1	-2	-1	8	0	-5	-4	-4	-3	2	-4	-4	-2	-4	-4	-5	-5	
30	I	30-I	-2	-5	5	2	3	1	-1	-3	-4	-2	-3	-1	-2	-4	-4	-4	-3	-4	-4	-4	
31	I	31-I	-2	-5	6	1	2	0	-1	-4	-4	-2	-3	-2	-2	-4	-4	-4	-4	-4	-4	-4	
32	A	32-A	5	0	-2	-3	-1	-2	-3	-4	-2	-1	0	-1	-3	-2	-2	-3	-2	-2	-3	-2	
33	N	33-N	-3	-2	-5	-5	-4	-3	-4	-5	-3	-4	0	-1	-3	8	-1	0	-1	-2	0	-1	
34	A	34-A	6	-1	-2	-3	-1	-2	-3	-4	-2	-1	0	-1	-3	-3	-2	-3	-2	-2	-3	-2	
35	R	35-R	-2	-3	-4	-3	-4	-2	-4	-4	-3	-5	-2	-2	-3	-1	2	-1	1	7	-3	-1	
36	V	36-V	-1	-4	2	0	6	2	-2	-4	-3	-2	-2	-1	-2	-4	-3	-4	-3	-3	-4	-3	
37	E	37-E	-2	-3	-4	-4	-3	-3	-4	-4	-2	-5	-1	-2	-3	-1	4	-1	0	-1	0	6	
38	N	38-N	-3	-2	-5	-5	-4	-3	-4	-5	-3	-4	0	-1	-3	8	-1	0	-1	-2	0	-1	
39	C	39-C	-2	-4	-3	-3	-2	-3	-4	-4	-4	11	-2	-2	-4	-4	-4	-4	-5	-5	-5	-5	
40	A	40-A	6	0	-2	-3	-1	-2	-3	-4	-2	-1	0	-1	-3	-3	-2	-3	-2	-2	-3	-2	
41	V	41-V	-2	-5	6	1	3	0	-1	-4	-4	-2	-3	-1	-2	-4	-4	-4	-4	-4	-4	-4	
42	I	42-I	-2	-5	6	1	2	0	-1	-4	-4	-2	-3	-2	-2	-4	-4	-4	-4	-4	-4	-4	
43	Y	43-Y	-3	-4	-2	-1	-2	-1	6	1	-4	-3	-3	-3	7	-4	-3	0	-3	-3	-4	-4	
44	C	44-C	-2	-4	-3	-3	-2	-3	-4	-4	-4	11	-2	-2	-4	-4	-4	-4	-5	-5	-5	-5	
45	N	45-N	-3	-2	-5	-5	-4	-3	-4	-5	-3	-4	0	-1	-3	8	-1	0	-1	-2	0	-1	
46	D	46-D	-3	-2	-4	-5	-4	-4	-5	-5	-3	-5	-1	-2	-4	1	-1	-2	-2	-3	7	1	
47	G	47-G	1	6	-5	-4	-4	-4	-4	-4	-3	-3	-1	-2	-4	-1	-3	-3	-2	-3	-2	-3	
48	F	48-F	-3	-4	-1	-1	-2	-1	8	0	-5	-4	-4	-3	2	-4	-4	-2	-4	-4	-5	-5	
49	C	49-C	-2	-4	-3	-3	-2	-3	-4	-4	-4	11	-2	-2	-4	-4	-4	-4	-5	-5	-5	-5	
50	E	50-E	0	1	-3	-3	-3	-2	-3	-3	-2	-4	-1	-2	-2	-1	0	4	0	0	0	4	
51	L	51-L	-2	-4	0	3	0	8	-1	-3	-4	-3	-3	-2	-2	-4	-2	-3	-3	-3	-5	-4	
52	C	52-C	-2	-4	-2	-2	-2	-2	1	-3	-4	9	-1	3	-3	-3	-4	-4	-4	-4	-4	-4	
53	G	53-G	-1	7	-5	-5	-4	-4	-4	-4	-3	-4	-1	-3	-4	-2	-3	-3	-3	-4	-3	-3	
54	Y	54-Y	-3	-4	-2	-2	-2	-2	5	1	-4	-4	-3	-3	8	-4	-3	0	-3	-3	-5	-4	
55	S	55-S	0	-2	-3	-3	-2	-2	-3	-4	-2	-2	5	4	-3	-1	-1	-2	-1	-2	-2	-1	
56	R	56-R	-3	-4	-4	-4	-4	-3	-4	-4	-4	-5	-2	-2	-3	-2	0	-2	1	7	-3	-1	
57	A	57-A	4	-1	-2	-2	0	-2	-3	-4	4	-2	1	-1	-3	-2	-2	-3	-2	-3	-3	-2	
58	E	58-E	-2	-3	-4	-4	-4	-3	-5	-4	-2	-5	-1	-2	-3	-1	1	-1	0	-1	4	6	
59	V	59-V	-1	-4	4	0	5	0	-2	-4	-4	-2	-3	-1	-2	-4	-3	-4	-4	-4	-4	-4	
60	M	60-M	-1	-3	1	2	0	7	0	-2	-3	-2	-2	-1	-1	-3	-1	-2	-2	-2	-4	-3	
61	Q	61-Q	-1	-2	-3	-3	-3	-1	-4	-2	-2	-3	0	-1	-2	0	6	0	1	1	-1	2	
62	R	62-R	-1	-2	-3	-3	-3	-2	-3	-3	-2	-4	-1	-1	-2	0	2	-1	5	4	-1	1	
63	P	63-P	-1	-3	-3	-3	-3	-3	-4	-4	8	-3	-1	-1	-3	-2	-2	-3	-1	-3	-2	-1	
64	C	64-C	-1	-3	-2	-2	-1	-2	-3	-3	-3	10	0	-1	-3	-3	-3	-3	-3	-4	-4	-4	
65	T	65-T	0	-2	-1	-2	0	-1	-3	-3	-1	-1	1	5	-2	0	-1	-2	-1	-1	-1	-1	
66	C	66-C	-1	-3	-2	-2	-1	-2	-3	-3	-3	10	-1	-1	-3	-3	-4	-4	-4	-4	-4	-4	
67	D	67-D	-1	-1	-3	-4	-3	-3	-4	-4	-2	-3	1	-1	-3	3	0	-1	-1	-1	5	1	
68	F	68-F	-3	-4	0	0	-1	0	7	1	-4	-3	-3	-3	3	-4	-4	-2	-4	-3	-4	-4	
69	L	69-L	-2	-4	1	5	1	2	0	-2	-3	-2	-3	-2	-1	-4	-3	-3	-3	-3	-4	-3	
70	H	70-H	-2	-3	-2	-2	-2	-2	1	0	-3	-3	-1	0	6	-1	-1	6	-2	-1	-2	-1	
71	G	71-G	0	6	-4	-4	-4	-3	-4	-3	-3	-3	-1	-2	-4	-1	-2	-2	-2	-3	-2	-3	
72	P	72-P	-1	-3	-3	-3	-3	-3	-4	-4	8	-3	-1	-1	-3	-2	-1	-2	-1	-2	-2	-1	
73	R	73-R	-2	-2	-3	-3	-3	-2	-2	-3	-2	-4	-1	-1	0	0	1	5	1	3	2	2	
74	T	74-T	0	-2	-1	-2	0	-1	-3	-3	-1	-1	1	5	-2	0	-1	-2	-1	-1	-1	-1	
75	Q	75-Q	0	0	-3	-3	-2	-1	-3	-3	-1	-3	0	0	-2	0	3	-1	4	1	-1	1	
76	R	76-R	-2	-3	-3	-3	-3	-2	-3	-3	-2	-4	-1	-1	-2	-1	1	-1	3	6	-2	0	
77	R	77-R	-1	-2	-1	1	-1	0	-1	-3	2	-2	0	-1	-1	-1	0	4	0	2	-2	-1	
78	A	78-A	4	0	-2	-2	-1	-2	-3	-3	-1	-1	1	0	-2	-1	-1	1	-1	-2	2	0	
79	A	79-A	2	-2	3	1	3	1	-1	-3	-2	-1	-1	0	-2	-3	-2	-3	-2	-3	-3	-2	
80	A	80-A	5	0	-1	-2	0	-1	-3	-3	-1	-1	1	0	-2	-2	-1	-2	-1	-2	-2	-1	
81	Q	81-Q	-1	-2	-3	-3	-3	-1	-4	-2	-2	-3	0	-1	-2	0	6	0	1	1	-1	2	
82	I	82-I	-1	-4	3	2	2	5	0	-2	-3	-2	-2	-1	-1	-3	-2	-3	-2	-2	-4	-3	
83	A	83-A	4	0	-2	-2	0	-1	-3	-3	-1	-1	1	1	-2	-2	-1	-2	-1	-2	-2	-1	
84	Q	84-Q	-1	-2	-3	-3	-3	-1	-4	-3	-2	-3	0	-1	-2	0	6	0	2	1	-1	2	
85	A	85-A	5	0	-2	-2	0	-1	-3	-3	-1	-1	1	0	-2	-2	-1	-2	-1	-2	-2	-1	
86	L	86-L	-2	-4	1	5	1	2	0	-2	-3	-2	-3	-2	-1	-4	-3	-3	-3	-3	-4	-3	
87	L	87-L	-2	-4	1	5	1	2	0	-2	-3	-2	-3	-2	-1	-4	-3	-3	-3	-3	-4	-3	
88	G	88-G	0	6	-4	-4	-4	-3	-4	-3	-3	-3	-1	-2	-4	-1	-2	-2	-2	-3	-2	-3	
89	A	89-A	2	-1	-2	-2	-1	-1	-3	-3	-1	-1	4	2	-2	0	-1	-1	-1	-1	-1	-1	
90	E	90-E	-1	-2	-3	-3	-2	-2	-4	-4	-2	-4	0	-1	-3	0	1	-1	1	0	3	5	
91	E	91-E	-1	-2	-4	-3	-3	-2	-4	-3	-2	-4	1	-1	-2	0	1	-1	0	-1	1	5	
92	R	92-R	-2	-3	-3	-3	-3	-2	-3	-3	-2	3	-1	-1	-2	-1	1	-1	3	6	-2	-1	
93	K	93-K	-1	-2	-3	-3	-3	-2	-4	-4	-1	-4	-1	-1	-2	-1	1	-1	5	2	-1	2	
94	V	94-V	0	-3	2	1	4	0	-1	-3	-3	-1	0	0	-2	-2	-2	-3	-2	-3	-3	-2	
95	E	95-E	-1	-3	-4	-3	-3	-3	-4	-4	-2	-4	-1	-1	-3	-1	2	-1	0	-1	2	6	
96	I	96-I	-1	-3	4	1	2	2	0	-2	-2	-1	-2	-1	-1	-3	-2	-3	-2	-2	-3	-2	
97	A	97-A	1	-1	-1	0	0	0	-1	-2	-1	1	2	2	-1	1	-1	-1	-1	-1	0	-1	
98	F	98-F	-2	-2	0	2	-1	0	3	6	-2	-2	-2	-1	4	-2	-2	-1	-2	-2	-3	-2	
99	Y	99-Y	0	-2	-1	-1	-1	-1	2	1	-2	-2	-1	-1	6	-2	-1	2	-1	-1	-2	-1	
100	R	100-R	0	-2	-2	-2	-2	-1	-2	-2	-2	-3	-1	0	-1	-1	0	3	1	5	-2	0	
101	K	101-K	-1	-2	-3	-3	-3	-2	-3	-3	-1	-3	0	-1	-2	0	1	-1	5	1	1	2	
102	D	102-D	-1	1	-3	-3	-3	-2	-3	-3	-1	-3	0	-1	-2	2	1	-1	0	1	5	1	
103	G	103-G	0	5	-2	-3	-2	-2	-3	-2	-2	-2	0	2	-2	-1	-2	-2	-1	-2	-1	-2	
104	S	104-S	1	0	-1	-1	0	1	-2	-2	-1	-1	2	0	-1	0	1	2	-1	-1	-1	1	
105	C	105-C	-1	-2	-1	-2	-2	-2	-3	-3	-3	9	0	2	-3	-2	-3	-3	-3	-3	-3	-3	
106	F	106-F	-3	-3	-1	0	-2	-1	8	0	-3	-3	-3	-3	1	-3	-3	-2	-3	-3	-3	-3	
107	L	107-L	-1	-3	2	3	0	1	-1	-2	3	-2	-1	-1	-2	-2	-1	-2	-2	0	-2	-2	
108	C	108-C	-2	-3	-2	-2	-2	-3	-3	-3	-3	10	-2	-2	-3	-3	-3	-3	-3	-4	-4	-4	
109	L	109-L	-2	-2	0	3	-1	3	0	-2	-2	-2	-1	-1	-1	3	-1	-2	0	-1	-2	-2	
110	V	110-V	-1	-3	2	0	5	0	-2	-3	-2	-2	-1	3	-2	-2	-2	-3	-2	-2	-3	-2	
111	D	111-D	-2	-2	-3	-3	-3	-3	-3	-3	-2	-3	-1	-2	-2	0	-1	5	-2	-2	6	0	
112	V	112-V	-1	-3	3	0	5	0	-1	-3	-3	-2	-2	-1	-2	-3	-3	-3	-3	-3	-3	-3	
113	V	113-V	-1	-3	3	0	5	0	-1	-3	-3	-2	-2	-1	-2	-3	-3	-3	-3	-3	-3	-3	
114	P	114-P	-2	-3	-3	-3	-3	-3	-4	-4	8	-3	-2	-2	-3	-3	-2	-3	-2	-3	-2	-2	
115	V	115-V	-1	-3	1	0	6	-1	-2	-3	-3	-2	-2	-1	-2	-3	-3	-3	-3	-3	-3	-3	
116	K	116-K	-2	-2	-3	-3	-3	-2	-3	-3	-2	-3	-1	-2	-3	-1	0	-2	6	1	-2	0	
117	N	117-N	-2	-2	-3	-4	-3	-3	-3	-4	-3	-3	-1	-1	-3	7	-1	-1	-1	-2	0	-1	
118	E	118-E	-2	-3	-3	-3	-3	-2	-3	-3	-2	-4	-1	-2	-2	-1	3	-1	0	-1	0	6	
119	D	119-D	-3	-3	-5	-5	-5	-4	-5	-6	-3	-5	-1	-3	-5	0	-1	-2	-2	-3	7	3	
120	G	120-G	-2	7	-6	-6	-5	-5	-5	-4	-4	-4	-2	-3	-5	-2	-4	-4	-3	-4	-3	-4	
121	A	121-A	2	-3	0	1	3	1	-2	-3	-3	-2	1	0	-2	-3	-2	-3	-2	-3	-3	-3	
122	V	122-V	2	-4	1	-1	5	-1	-3	-4	-4	5	-2	-2	-3	-4	-3	-4	-4	-4	-4	-4	
123	I	123-I	-3	-5	6	0	1	5	3	-3	-4	-3	-4	-2	-1	-5	-4	-4	-4	-4	-5	-5	
124	M	124-M	-4	-6	0	2	-2	10	-2	-4	-5	-4	-4	-3	-4	-5	-3	-4	-4	-4	-6	-5	
125	F	125-F	-4	-6	-3	-2	-3	-2	8	-2	-6	4	-5	-4	1	-5	-6	-4	-6	-5	-6	-6	
126	I	126-I	-4	-6	7	1	1	-1	-2	-5	-5	-3	-5	-3	-3	-6	-5	-5	-5	-5	-5	-5	
127	L	127-L	-3	-5	3	5	2	0	-1	-4	-5	-3	-4	-3	-3	-5	-4	-5	-4	-4	-5	-5	
128	N	128-N	-4	-3	-6	-6	-5	-5	-6	-6	-4	-5	-2	-2	-5	8	-2	-2	-3	-3	2	-2	
129	F	129-F	-4	-6	-2	-2	1	-2	8	-2	-6	-5	-5	-4	1	-5	-6	-4	-5	-5	-6	-6	
130	E	130-E	-3	-4	-4	-4	1	-4	-5	-5	-3	-5	-2	-3	-4	-3	0	-2	-2	-2	0	7	
131	V	131-V	0	-3	0	1	4	-1	-1	-2	2	-3	-2	-2	4	-3	-3	-2	-3	-3	0	-3	
132	V	132-V	0	-3	1	1	5	3	-2	-3	1	-2	-2	-1	-2	-3	-3	-3	-3	-3	-3	-3	
133	M	133-M	0	-3	-1	0	-1	6	-3	-4	-3	-3	0	3	-3	-1	-2	-3	1	0	1	-2	
134	E	134-E	-2	-3	-4	-4	-4	-3	-5	-5	-1	-4	-1	1	-4	2	3	-2	0	-2	4	4	
135	K	135-K	-2	-2	-4	-4	-3	-3	-4	-4	2	-4	-1	-1	-3	1	2	-2	2	0	1	5	
136	D	136-D	-1	-1	-4	-4	-4	-3	-4	-4	1	-4	-1	-1	-3	-1	0	0	1	-2	5	4	
137	M	137-M	-1	-1	0	1	-1	2	-1	-2	1	-1	0	0	-2	2	-1	0	0	0	-1	-1	
138	V	138-V	0	-1	1	1	2	0	-1	-2	2	-2	0	0	-2	-1	-1	-1	-1	-1	-1	-2	
139	G	139-G	2	2	-2	-2	-2	-2	-3	-3	-2	-2	1	0	-2	0	0	1	0	2	0	0	
140	S	140-S	0	-1	-3	-3	-2	-2	-3	-3	0	-1	4	0	-2	1	0	-1	0	-1	2	-1	
141	P	141-P	-2	-2	-3	-2	-3	-3	-3	-4	7	-3	0	-1	-3	-1	-2	2	-2	-1	-2	-2	
142	A	142-A	1	0	-1	-1	-1	-1	-2	-2	0	-2	1	2	-2	1	-1	-1	1	-1	0	0	
143	H	143-H	-1	0	-2	-2	-2	-1	-2	-2	0	-1	1	-1	-2	-1	3	2	2	3	-1	1	
144	D	144-D	-1	-1	-2	-2	-2	-2	-3	-3	0	-3	0	-1	-2	0	0	-1	0	1	4	3	
145	T	145-T	-1	-2	0	2	0	0	-1	-2	-2	-2	0	2	-1	0	-1	-1	-1	-1	-2	-1	
146	N	146-N	-2	-2	-1	-1	-2	-2	-3	-3	-2	1	-1	-1	-2	7	-1	-1	-1	-2	0	-1	
147	H	147-H	-2	-3	-2	-4	-4	-3	-3	-4	-3	-4	-2	-3	-1	1	-1	9	-1	-2	-2	1	
148	R	148-R	-2	-1	-3	-2	-3	-2	-3	5	0	-4	-2	0	-2	-2	1	-2	3	5	-2	-1	
149	G	149-G	0	1	1	1	1	0	-1	-2	-1	0	0	0	-1	0	-1	-1	-1	0	-1	-1	
150	P	150-P	-1	-2	-1	1	0	-1	-2	-3	5	-3	-1	1	-3	1	-2	-2	-1	-2	-2	-2	
151	P	151-P	0	-2	-1	-2	-2	-2	-1	-2	7	-2	1	-1	-2	-2	-2	-2	-2	-2	-2	-2	
152	T	152-T	1	-1	2	0	0	0	-1	0	-1	-1	1	1	-1	-1	1	0	0	-1	-1	-1	
153	S	153-S	0	-1	-2	1	-2	-1	-2	-3	4	-2	2	2	-2	0	-1	-2	0	-2	-2	-1	
154	W	154-W	-3	-2	-4	-2	-4	-3	-1	11	2	-4	-3	-3	1	-4	-3	-3	-3	-4	-2	-1	
155	L	155-L	-1	-1	1	3	1	0	0	-2	-3	1	0	-1	-1	-2	-2	0	-2	0	-3	-2	
156	A	156-A	1	-1	-1	-1	1	-1	-3	-3	3	-2	2	0	-2	0	-1	-1	1	0	-2	-1	
157	P	157-P	1	-1	-1	-1	-1	-1	-3	-3	3	-2	1	3	-2	-1	-1	1	1	-1	-2	-1	
158	G	158-G	1	6	-2	-4	0	-3	-4	1	-4	-4	-1	-3	-4	0	-3	-3	-1	-3	-3	-3	
159	R	159-R	0	-3	-4	-4	-4	-3	-5	-5	-4	1	-2	-2	-3	2	1	0	0	6	-3	-1	
160	A	160-A	1	2	-2	-2	0	-1	-1	-4	3	-3	1	-1	-3	-1	-1	-2	-1	3	-2	-2	
161	K	161-K	-2	-3	1	-3	-3	-2	-2	-1	-3	-2	-2	-1	-2	0	-1	2	4	5	-3	-1	
162	T	162-T	-1	3	-2	0	-2	2	-1	-3	-2	-3	1	1	-1	-1	-1	-2	-1	3	-2	-2	
163	F	163-F	-4	-5	1	1	-2	-1	8	-1	-6	-4	-4	-4	1	-5	-5	-3	-5	-2	-6	-5	
164	R	164-R	-2	1	1	-3	-2	-3	-4	-4	-3	-4	-2	-2	-3	-2	-1	-1	3	6	-3	-2	
165	L	165-L	-3	-5	0	5	0	0	4	-2	-4	-3	-4	-3	-1	-5	-4	-4	-4	-1	-5	-4	
166	K	166-K	-2	-3	-4	-4	-4	-3	-4	-4	3	-4	0	-2	-3	2	0	1	4	4	-2	-1	
167	L	167-L	-3	-4	1	4	-1	0	4	0	-4	-3	-1	-2	-1	-4	-3	-3	-3	-1	-4	-4	
168	P	168-P	-2	-4	-3	-3	-4	-4	-5	-5	8	-4	-2	-2	-4	-2	-2	-3	-2	0	-3	1	
169	A	169-A	2	1	0	2	2	0	-2	-3	-1	-2	0	-1	-2	-2	-2	-2	-2	-3	-3	-2	
170	L	170-L	-3	-5	1	5	2	1	-1	-3	-2	-3	-4	-2	-3	-4	-3	-4	-3	-1	-5	-4	
171	L	171-L	-3	-4	-2	2	-2	3	-3	-4	-4	-4	-2	-1	-3	-1	0	1	1	5	-3	-2	
172	A	172-A	2	-1	-2	0	0	-1	-3	-4	1	-2	3	0	-3	-1	-1	-2	-1	0	-2	1	
173	L	173-L	-2	-4	0	5	-1	1	-1	-3	-3	-2	-2	-2	-2	-3	-1	1	-3	-1	-4	-3	
174	T	174-T	1	-1	-2	-2	-1	-2	-3	-3	-2	0	3	4	-2	0	-1	-2	0	-1	-2	-1	
175	A	175-A	1	2	-1	-2	-2	-2	-1	-2	-2	-2	1	-1	3	3	0	-1	-1	-1	-1	-1	
176	R	176-R	-1	-2	-3	-3	-3	-2	-3	-3	-2	-3	5	-1	-3	0	1	-2	0	4	-2	-1	
177	E	177-E	-2	-2	-3	-2	-3	-2	-3	-3	-2	-4	-1	-2	-3	0	1	1	5	2	-1	1	
178	S	178-S	0	-2	-3	-3	-1	-1	-3	-3	0	-3	2	-1	-2	0	5	0	1	-1	-1	0	
179	S	179-S	0	-2	-3	-2	-3	-3	-3	-4	0	1	5	0	-3	-1	-1	-2	0	-2	-1	-1	
180	V	180-V	-1	-3	0	4	2	0	-1	-3	-3	-2	-1	-1	-2	-3	-2	-3	-3	-3	-3	-2	
181	R	181-R	-2	-3	-3	-3	-3	-3	-3	-3	5	-3	-1	-2	-3	0	1	1	0	3	1	1	
182	S	182-S	-1	-2	-3	-1	-2	-2	-3	-3	2	-3	0	1	-2	1	4	-1	-1	-1	3	2	
183	G	183-G	0	2	-3	-3	-3	-3	-3	-1	0	-3	0	-1	-3	-1	-1	-2	-1	-1	4	3	
184	G	184-G	0	1	-2	-2	-1	-2	-3	-3	2	-2	0	0	-2	-1	-1	0	-1	-1	3	2	
185	A	185-A	2	-1	-2	-2	-1	-1	-2	-2	2	-2	0	0	-2	-1	0	-1	0	0	-1	2	
186	G	186-G	0	3	0	0	-1	0	-2	-2	-1	-2	0	-1	-2	0	-1	-1	0	0	1	0	
187	G	187-G	0	4	-2	-2	-1	-2	-2	-2	0	-2	1	-1	-2	0	-1	2	-1	0	1	0	
188	A	188-A	1	-1	0	-1	0	0	0	-1	1	-1	0	0	2	-1	-1	2	-1	0	-2	-1	
189	G	189-G	0	3	-1	-1	-1	1	-2	-1	2	0	0	-1	-1	-1	0	0	-1	-1	0	0	
190	A	190-A	2	-1	0	-1	0	-1	-1	-2	1	0	0	0	-1	-1	1	-1	1	0	-1	0	
191	P	191-P	0	-1	-3	-2	-2	-2	-3	-3	7	-3	-2	-2	-3	-2	-2	-2	-1	-2	0	-2	
192	G	192-G	0	3	-2	-2	-2	-1	-2	-3	0	-2	0	1	-2	-1	-1	-1	-1	-1	3	-1	
193	A	193-A	3	1	-1	-2	0	0	-2	-2	1	-2	0	0	-1	-1	-1	2	-1	-2	-1	-1	
194	V	194-V	-1	-2	2	0	4	1	-1	-2	-2	-2	-1	1	-1	-2	-1	-1	-2	-1	-1	0	
195	V	195-V	0	-1	2	1	3	2	-1	-2	1	0	0	-1	-1	-2	-1	-1	-2	-2	-2	-2	
196	V	196-V	-1	-2	2	1	3	0	-1	-2	-2	-1	-1	0	-1	-2	-1	-2	-1	0	-1	-1	
197	D	197-D	0	-2	-3	-3	-2	-3	-3	-3	2	-3	-1	-1	-2	0	-1	3	-1	-2	5	0	
198	V	198-V	-1	-1	1	2	2	2	1	-1	0	-1	-1	0	-1	-2	-1	-1	-2	-2	-2	-2	
199	D	199-D	0	-1	-2	-2	-2	-2	-2	-2	1	-2	0	-1	-2	0	0	1	1	0	4	0	
200	L	200-L	-1	-1	0	2	0	1	0	-1	-1	-1	0	0	-1	-1	0	0	0	0	-1	0	
201	T	201-T	0	-1	-1	0	0	1	-1	-2	-1	-1	1	2	-1	0	0	1	-1	0	0	0	
202	P	202-P	-1	-1	-2	0	-2	-2	-2	-3	6	0	1	-1	-2	-2	-1	-1	-1	-1	-2	-2	
203	A	203-A	2	-1	-2	-2	-2	-2	-3	-3	0	-2	3	0	-2	-1	-1	1	1	0	0	-1	
204	A	204-A	2	-1	-1	0	-1	0	-2	-3	0	-2	0	-1	-2	-1	0	2	2	0	-1	1	
205	P	205-P	-1	-2	-3	0	-2	-2	-3	-3	6	-3	-1	-2	-2	-1	0	5	-2	-2	-2	-1	
206	S	206-S	0	2	-3	-3	-1	-3	-3	-3	-2	0	4	-1	-3	-1	-1	-2	-1	-2	-1	1	
207	S	207-S	-1	-1	-4	-3	-3	-3	-3	-3	-1	-3	3	-1	-1	-1	0	6	-1	2	2	-1	
208	E	208-E	-2	-3	-4	-4	-3	-3	-4	-4	-2	-4	1	-2	-3	-1	0	-2	0	-1	4	5	
209	S	209-S	1	-2	-3	-4	-2	-3	-3	-4	-1	-1	6	0	-3	-1	-1	0	-2	-1	-2	-2	
210	L	210-L	-2	0	1	4	3	1	-1	-3	-3	0	-3	-2	-2	-3	-3	-3	-3	-3	-4	-2	
211	A	211-A	4	2	-3	-3	-2	-1	-3	-3	2	-2	0	-1	-3	-2	-2	-3	-2	-3	-2	-2	
212	L	212-L	-2	-1	0	4	0	4	0	-3	-2	-2	-3	-2	-2	-3	-2	-3	-2	-2	-3	0	
213	D	213-D	-1	2	-3	-3	-3	-3	-3	0	-1	-3	0	-1	-3	0	-1	-2	2	-1	4	0	
214	E	214-E	0	-2	-4	-3	-3	-2	-3	-3	0	-4	-1	-2	-2	-1	2	4	2	1	0	4	
215	V	215-V	-2	-3	0	3	2	0	4	0	-2	-2	-1	0	0	-3	-2	-3	-3	-2	-2	-3	
216	T	216-T	-1	-3	0	3	-1	0	-1	-3	-1	-2	1	2	-2	0	-1	-2	1	-1	-2	-1	
217	A	217-A	2	-2	-3	-1	-2	-1	-2	-4	2	3	4	0	-3	-1	-1	-3	-2	-2	-2	-1	
218	M	218-M	-2	-4	0	3	0	4	-1	3	3	-3	-2	-1	-2	-3	-1	-3	-2	-1	-2	-3	
219	D	219-D	-1	-3	-3	-3	-3	-3	-4	-4	4	-3	0	1	-3	0	2	0	0	0	3	2	
220	N	220-N	-1	-2	-3	-3	-3	-2	-4	-4	2	-3	1	0	-3	3	1	0	2	0	1	3	
221	H	221-H	-1	0	-3	-2	-3	-2	-3	-3	0	0	-1	-2	-1	0	1	5	0	2	-1	2	
222	V	222-V	1	-1	0	0	1	-1	-2	-3	0	2	2	2	-2	0	0	-2	-1	-1	-1	0	
223	A	223-A	2	0	-2	-1	-1	-1	-3	-3	0	4	1	0	-2	-1	0	-1	-1	-1	-1	1	
224	G	224-G	0	4	-2	-1	-1	-2	-3	-3	-2	-1	2	0	-3	0	0	-2	-1	-2	0	-1	
225	L	225-L	-1	-1	-1	2	-1	0	-1	-3	3	1	0	0	-2	-2	-1	-1	-1	-2	0	0	
226	G	226-G	0	3	-2	0	-2	-1	-2	2	0	-2	2	-1	-2	-1	0	-1	-1	1	-2	-2	
227	P	227-P	-1	-1	-3	-3	-1	-2	-3	2	5	-3	0	-1	-3	-2	0	-2	-1	0	0	3	
228	A	228-A	3	-1	-1	-1	0	-1	-2	-3	2	0	1	0	-2	-1	0	-1	0	-1	-1	0	
229	E	229-E	-2	-2	-4	-2	-3	-3	-4	-4	-2	-4	0	-2	-3	-1	1	-1	-1	-1	3	6	
230	E	230-E	-2	-3	-3	-2	-2	-3	-4	-4	0	-4	-1	-2	-3	0	0	-1	-1	1	5	3	
231	R	231-R	-1	-3	-3	-2	-3	-2	-4	-3	-2	-2	0	2	-3	-1	4	-1	0	4	-1	1	
232	R	232-R	0	-2	-3	-2	-2	-2	-3	-3	2	-3	-1	-1	-2	-1	1	1	3	5	-2	-1	
233	A	233-A	4	-1	-2	-1	-1	0	-3	-3	-1	0	1	1	-3	-1	-1	-2	-2	-2	-2	0	
234	L	234-L	-2	-4	0	5	0	1	-1	-3	-1	-2	-3	-2	-2	-2	-1	-3	-3	-3	-2	-1	
235	V	235-V	-1	-2	2	2	2	3	-1	-3	-3	-2	-1	-1	-2	-2	-1	-2	-2	-2	-2	0	
236	G	236-G	1	4	-3	-2	-2	-2	-2	1	-1	0	0	-1	-2	-1	2	-2	-1	-1	-1	0	
237	P	237-P	-1	-2	-3	-3	-3	-3	-4	-4	6	-3	1	-2	-3	-2	-1	-1	-1	-1	2	0	
238	G	238-G	0	2	-2	-2	-2	-2	-2	-3	3	-2	2	0	-2	-1	-1	0	-1	-1	0	0	
239	S	239-S	0	0	-3	-3	-2	-2	-3	-3	3	-2	3	2	-3	0	-1	-2	-1	-2	0	1	
240	P	240-P	0	-1	-3	0	-2	-2	-3	-4	6	0	-1	-2	-3	-2	-2	-2	-2	-2	2	-1	
241	P	241-P	-1	-1	-2	0	-1	-2	-2	-3	6	-3	-1	1	-2	-1	1	-1	-1	-1	-1	-1	
242	R	242-R	0	-2	0	1	1	-1	-2	-3	1	-1	1	0	-2	-1	1	2	-1	0	-2	-1	
243	S	243-S	0	0	-3	-2	-2	-1	-3	-3	2	0	3	1	-3	2	-1	-1	-1	-1	2	0	
244	A	244-A	2	-1	1	-1	0	-1	-2	-3	2	-2	2	0	-2	-1	1	0	-1	-2	-2	0	
245	P	245-P	0	0	-3	-4	-2	-3	-4	-4	7	-1	2	-1	-4	-2	-2	-3	-2	-1	-2	-1	
246	G	246-G	0	2	-1	-1	0	-1	1	-2	2	3	0	0	-1	-1	0	-2	0	-1	-1	-1	
247	Q	247-Q	1	-1	-1	-2	0	-2	-3	-3	4	-2	1	1	-2	0	2	1	-1	-1	1	-1	
248	L	248-L	0	-3	0	3	0	1	-1	-2	0	-2	-2	-2	-1	-2	1	4	-1	-1	-2	0	
249	P	249-P	-1	-2	-3	-3	-2	-3	-4	-4	6	-3	3	-1	-3	-1	-2	-2	-2	-2	-1	-1	
250	S	250-S	0	-1	-3	-3	-3	-2	-2	-4	2	-2	4	0	-2	-1	0	2	1	-1	-1	-1	
251	P	251-P	-2	-2	-3	-2	-3	0	-3	-4	7	-3	-1	-2	-3	-2	1	2	-1	1	-2	-2	
252	R	252-R	-2	-3	-3	-2	-3	-2	-3	-3	-3	-2	-2	-2	-2	-1	3	2	1	6	-2	-1	
253	A	253-A	2	-2	-1	2	-1	0	-1	5	1	1	-1	-1	-1	-2	-1	-2	-2	-1	-3	-2	
254	H	254-H	-2	-1	-3	-2	-3	-2	-2	-3	-1	-3	-1	-1	-1	0	2	7	-1	-1	2	1	
255	S	255-S	0	-2	-2	-1	-1	-1	-3	-3	-2	4	2	0	-1	1	0	0	0	4	-2	-1	
256	L	256-L	-3	-4	0	5	0	1	0	-3	0	-3	-3	-2	-2	-4	-3	-4	-3	-2	-4	-4	
257	N	257-N	0	0	-3	-3	-2	-2	-2	2	0	-3	-1	0	2	4	-1	2	0	1	0	-1	
258	P	258-P	0	-3	-3	-1	-1	0	-4	-4	7	-3	0	-1	-3	-2	-2	-3	-2	-3	-1	-2	
259	D	259-D	-2	-2	-4	-4	-4	-3	-4	-4	-2	-4	-1	-2	-3	1	-1	1	-1	0	6	2	
260	A	260-A	3	1	-2	-2	-1	3	-2	-3	-1	-1	0	0	-2	-2	-1	1	-1	-1	-2	1	
261	S	261-S	0	-2	-1	0	-1	-2	-3	-3	-1	1	5	0	-3	-1	-1	-2	-2	-2	-1	0	
262	G	262-G	0	3	-2	0	-1	-1	1	1	2	1	-1	-1	1	-2	2	-2	-2	-2	-1	-1	
263	S	263-S	1	-1	-3	-4	-3	-3	-4	-4	0	-2	6	1	-3	-1	-2	-2	-2	-2	-2	-2	
264	S	264-S	0	-1	-3	-3	-3	-3	-3	-4	-1	-3	3	1	-3	5	-1	-1	-1	0	0	-1	
265	C	265-C	-2	-2	-3	-3	-2	-3	-3	3	-3	10	1	-1	-3	0	-3	-3	-3	-4	-3	-4	
266	S	266-S	0	1	-1	-3	-2	-2	-3	-3	0	-1	5	0	-3	-1	1	-2	-1	0	-2	-1	
267	L	267-L	-2	-4	0	4	1	3	1	-2	-3	-2	-1	-2	-1	-3	-3	-3	-3	-3	-4	-3	
268	A	268-A	2	-2	-1	-2	-1	1	1	-3	-1	-2	2	3	-2	-1	-1	-2	-1	0	-2	-2	
269	R	269-R	-2	-3	-4	-3	-4	-3	-3	-3	2	-1	-1	-2	-1	0	1	7	0	4	-2	0	
270	T	270-T	0	-2	-3	-3	-3	-3	-3	-4	-2	1	5	2	-3	-1	-1	-2	-1	0	-2	-2	
271	R	271-R	-3	-3	-4	-3	-4	-3	-4	-4	-3	-4	-2	-2	-3	-2	0	2	0	7	-3	-2	
272	S	272-S	0	-2	-4	-4	-3	-3	-4	-4	1	-2	6	0	-3	-1	-2	-2	-2	-2	-2	-2	
273	R	273-R	-2	0	-3	-3	-3	-2	-3	-1	-3	5	-2	-2	0	-2	-1	-1	2	6	-3	-2	
274	E	274-E	-2	0	-4	-4	-4	-3	-4	-4	-2	-4	-2	-2	-3	-2	0	-2	-1	-2	0	7	
275	S	275-S	0	-2	-4	-4	-3	-3	-4	-4	-2	-2	6	0	-3	-1	-2	-2	-2	-2	-2	-2	
276	C	276-C	-2	-4	2	3	-1	0	5	-2	-4	6	-3	-2	0	-4	-4	-3	-4	-4	-4	-4	
277	A	277-A	1	-3	-3	-3	-3	-3	-2	-3	-3	7	-2	-2	3	-2	-2	6	-2	0	-3	-2	
278	S	278-S	-1	0	-4	-4	-3	-3	-4	-4	0	-3	6	0	-3	-1	-2	-3	-2	-2	-2	-2	
279	V	279-V	-2	-2	2	2	3	6	-1	-3	0	-2	-3	-2	-2	-4	-2	-3	-3	-3	-4	-3	
280	R	280-R	-3	-4	-4	-2	-4	-3	-4	-4	-1	-5	-2	-3	-3	-2	-1	-2	0	7	-3	-2	
281	R	281-R	-3	-4	-4	-4	-4	-3	-4	-4	1	-5	-2	-3	-3	-2	0	3	0	7	-3	-2	
282	A	282-A	5	-1	-2	-2	1	-2	-3	-4	-2	-2	2	-1	-3	-2	-1	-3	-2	-2	-3	-2	
283	S	283-S	-1	-2	-4	-4	-3	-3	-4	-4	3	-3	6	0	-3	-1	-2	-2	-2	-2	-2	-2	
284	S	284-S	-1	-2	-4	-4	-3	-3	-4	-4	-2	-3	6	0	-3	-1	-2	-3	-2	-2	-2	-2	
285	A	285-A	1	-3	1	0	5	-1	-2	-4	-1	-2	-2	1	-2	-1	-3	-4	-3	-3	-3	-3	
286	D	286-D	-2	-2	-4	-4	-4	-4	-4	-5	-2	-4	0	-2	-2	2	-1	4	-1	-2	6	0	
287	D	287-D	-2	1	-4	-4	-4	-3	0	-4	-2	-4	-1	-2	-3	2	-1	-2	-1	-2	6	2	
288	I	288-I	-2	-4	6	1	1	1	3	-3	-4	-2	-2	-2	-1	-2	-3	-3	-3	-4	-4	-4	
289	E	289-E	-2	-3	-4	-4	-3	-3	-4	3	-2	-4	-1	-2	-2	1	1	-1	2	-1	0	5	
290	A	290-A	4	2	-2	-2	-1	-2	-2	4	-2	-2	1	1	-2	-1	-1	-2	-2	-2	0	-1	
291	M	291-M	0	-3	0	1	-1	6	3	-2	-3	-3	-1	-2	0	-2	-1	-2	0	0	0	-2	
292	R	292-R	-2	-2	-3	-3	-3	-2	-3	-3	-2	-3	-1	-2	-1	-1	0	0	3	6	-2	-1	
293	A	293-A	1	2	-2	-1	-1	-1	-2	-2	1	-2	1	0	-2	-1	0	-1	1	0	-1	0	
294	G	294-G	0	4	-3	-2	-2	-2	-3	-2	-2	-2	1	-1	-2	1	0	-1	-1	-1	1	1	
295	V	295-V	0	-1	0	-1	1	-1	1	4	-1	-2	0	0	0	-1	-1	-1	1	0	1	0	
296	L	296-L	-1	-2	-1	1	-1	0	-1	1	-2	-2	-1	-1	0	-1	1	3	1	2	0	0	
297	P	297-P	-1	-2	-3	-3	-2	-2	-3	-3	5	-3	0	-1	-2	-1	2	-1	1	3	-1	0	
298	P	298-P	0	-1	-1	0	-1	-1	-2	1	3	2	0	1	-2	-1	0	-2	2	0	-1	0	
299	P	299-P	-1	-2	-3	-3	-3	-2	-1	2	4	-1	0	-1	-1	2	0	4	0	3	-1	-1	
300	P	300-P	-1	-1	-1	-2	0	-2	-2	-3	5	-2	0	0	-2	0	-1	-2	-1	0	2	0	
301	R	301-R	-1	-2	-2	-2	-2	-2	-3	-2	-2	-3	0	-1	-2	-1	0	-1	2	6	-2	0	
302	H	302-H	-1	-2	-3	-2	-2	-2	-2	-1	3	-3	0	-1	0	0	0	7	0	1	-1	-1	
303	A	303-A	3	1	-2	-2	-1	-2	-3	-3	-1	-1	3	0	-1	1	-1	-2	-1	-1	-1	-1	
304	S	304-S	1	-1	-3	-3	-2	-2	-3	-3	-2	-2	5	1	-2	1	-1	-1	-1	-1	-1	-1	
305	T	305-T	0	-2	-2	-2	-1	-1	-3	-3	-1	-2	1	5	-2	0	0	-2	0	-1	-1	1	
306	G	306-G	0	6	-4	-4	-2	-3	-4	-3	-3	-3	0	-2	-3	-1	-2	-2	-2	-2	-2	-1	
307	A	307-A	4	1	-2	-2	-1	-2	-3	-3	3	-1	0	0	-2	-2	-1	-2	-1	-2	-2	-1	
308	M	308-M	-1	-3	1	1	2	6	3	-2	-3	-2	-1	0	0	-3	-2	-2	-2	-2	-4	-3	
309	H	309-H	-1	-1	-3	-3	-3	-2	-3	-4	-2	-3	0	0	-1	5	0	6	0	1	0	-1	
310	P	310-P	0	-1	-2	-2	-2	-2	-2	-2	3	2	1	-1	0	2	0	4	-1	0	-1	-1	
311	L	311-L	-1	-2	2	2	2	2	0	-1	-2	-1	-1	-1	0	-2	-1	-2	-1	0	-2	-2	
312	R	312-R	-2	-2	-3	-3	-3	-2	-4	-3	-2	-4	-1	-1	-2	-1	1	1	5	4	-2	0	
313	S	313-S	2	0	-3	-3	-2	-2	-3	-3	1	-2	4	1	-2	1	-1	-1	0	-1	-1	-1	
314	G	314-G	1	2	-2	-3	-1	-2	-3	-3	-2	-2	3	1	-2	3	-1	0	-1	-1	0	-1	
315	L	315-L	-2	-4	2	4	1	2	0	-2	0	-2	-2	0	-2	-3	-2	-3	-2	-2	-3	-3	
316	L	316-L	-1	-3	0	3	0	1	0	-2	2	-2	-1	-1	-2	-2	0	-1	-1	0	-3	-2	
317	N	317-N	-2	2	-4	-4	-4	-3	-4	-4	-3	-3	0	-1	-3	6	-1	0	-1	-1	2	-1	
318	S	318-S	1	-1	-2	-3	-1	-2	-3	-3	-1	1	5	1	-2	0	-1	-2	-1	-2	-1	-1	
319	T	319-T	-1	-2	-1	-2	-1	-1	-3	-3	-2	-2	1	6	-2	-1	-1	-2	-1	-2	-2	-2	
320	S	320-S	1	-1	-3	-3	-2	-2	-3	-4	-1	-2	5	1	-2	0	-1	-2	-1	-1	-1	-1	
321	D	321-D	-3	-2	-4	-4	-4	-4	-4	-5	-2	-4	-1	-2	-4	1	-1	-2	-1	-2	7	1	
322	S	322-S	0	-1	-3	-3	-2	-2	-3	-4	2	-2	5	1	-2	0	-1	-2	-1	-1	-1	-1	
323	D	323-D	-2	-2	-4	-4	-4	-3	-4	-5	-2	-4	0	-1	-3	4	-1	-1	-1	-2	6	1	
324	L	324-L	-2	-4	1	5	0	2	0	-2	-1	-2	-3	-2	-2	-4	-3	-3	-3	-3	-4	-3	
325	V	325-V	0	-3	3	1	2	4	-1	-3	-3	-2	-1	-1	-2	2	-1	-2	-2	-2	-2	-2	
326	R	326-R	-2	-3	-4	-3	-3	-2	-4	-3	-2	-4	-1	-2	-2	-1	1	-1	3	6	-2	0	
327	Y	327-Y	-2	-4	-1	0	-1	-1	5	1	-4	0	-3	-2	7	-3	-3	0	-3	-3	-4	-3	
328	R	328-R	-1	-3	-4	-3	-3	-2	-3	-3	-3	-4	1	-1	-2	-1	0	-1	1	6	-2	-1	
329	T	329-T	1	-2	-1	-2	-1	-1	-3	-3	-2	-1	1	5	-2	-1	-1	-2	-1	-2	-2	-1	
330	I	330-I	-2	-4	5	2	2	1	1	-3	-3	-2	-1	-1	-1	-3	-3	-3	-3	-3	-3	-3	
331	S	331-S	1	1	-3	-3	-2	-2	-3	-3	-2	-2	4	1	-2	3	-1	-1	-1	-1	0	-1	
332	K	332-K	-1	-2	-3	-3	-2	-2	-3	-3	-2	-3	-1	0	-1	-1	3	3	4	3	-1	0	
333	I	333-I	-1	1	5	1	3	0	-1	-3	-3	-2	-2	-1	-2	-3	-3	-4	-3	-3	-3	-4	
334	P	334-P	-1	-1	-3	-3	-3	-3	-4	-4	8	-3	-1	1	-3	-2	-2	-3	-2	-3	-2	-2	
335	Q	335-Q	0	-2	-4	-3	-3	-1	-4	-3	-2	-4	-1	-1	-2	-1	6	1	1	2	-1	1	
336	I	336-I	-1	-4	4	2	2	1	1	-2	-3	-2	-2	0	-1	-3	-3	-1	-3	-3	-3	-3	
337	T	337-T	0	-2	-1	-2	-1	-1	-2	-3	-1	-1	2	5	-2	0	-1	-2	-1	-1	-1	-1	
338	L	338-L	-2	-4	1	4	0	1	0	-2	-3	-2	-2	-2	-1	-3	-2	3	-2	-2	-3	-3	
339	N	339-N	-2	-1	-4	-4	-3	-3	-4	-4	-3	-3	0	0	-3	7	-1	0	-1	-1	1	-1	
340	F	340-F	-2	-4	0	1	-1	0	6	0	2	-3	-3	-2	2	-3	-3	-2	-3	-3	-4	-3	
341	V	341-V	0	-3	2	1	3	2	-1	-3	-3	-1	0	0	-2	-2	-2	-3	-2	-2	-3	-2	
342	D	342-D	-2	-2	-4	-4	-4	-4	-4	-5	-2	-4	-1	-2	-4	1	0	-2	-1	-2	7	2	
343	L	343-L	-2	-3	1	2	1	2	4	0	-3	-1	-2	-2	2	-1	-2	-2	-3	-3	-3	-3	
344	K	344-K	-1	-2	-3	-3	-3	-2	-4	-4	-2	-4	-1	-1	-2	1	2	-1	5	3	-1	0	
345	G	345-G	1	2	-2	-1	-2	-2	-3	-3	5	-2	0	1	-3	-1	-2	-2	-1	-2	-2	-2	
346	D	346-D	-2	0	-4	-4	-4	-3	-4	-4	-2	-4	-1	-2	-3	0	0	-1	-1	-2	6	3	
347	P	347-P	0	-2	-3	-1	-2	-2	-3	-4	7	-3	-1	-1	-3	-2	0	-2	2	-1	-2	-1	
348	F	348-F	-2	-3	0	3	0	1	4	-1	-3	-2	-2	-2	0	-3	-2	1	1	-1	-3	-2	
349	L	349-L	0	-2	3	2	2	1	-1	-3	-3	-2	-1	-1	-2	0	-2	-2	-2	0	-2	-2	
350	A	350-A	4	0	-2	-2	-1	-1	-3	-3	2	-1	2	2	-2	-1	-1	-2	-1	-2	-2	-1	
351	S	351-S	0	0	-1	1	0	0	-2	-3	1	-1	3	0	-2	-1	-1	-2	-1	-2	-1	-1	
352	P	352-P	-1	-3	-3	-3	-3	-3	-4	-4	7	-3	0	-1	-3	-2	-1	-2	0	2	-2	-1	
353	T	353-T	1	-1	-2	-2	-1	-1	-3	-3	3	-1	2	3	-2	0	-1	-2	-1	-1	-1	-1	
354	S	354-S	1	4	-3	-3	-2	-2	-3	-3	1	-2	2	1	-3	0	-1	-2	-1	-2	-1	-1	
355	D	355-D	1	-2	-3	-3	-2	-2	-3	-4	-2	-3	0	-1	-3	0	1	-1	0	1	4	3	
356	R	356-R	-1	-3	1	1	0	3	-1	-3	1	-2	-1	-1	-2	-2	0	-2	2	2	-2	0	
357	E	357-E	-1	-2	-1	-2	-2	-2	-3	-3	-2	-3	0	0	-2	0	3	-1	1	0	3	3	
358	I	358-I	-2	-4	5	1	2	0	-1	-3	3	-2	-2	-1	-2	-4	-3	-4	-3	-3	-3	-3	
359	I	359-I	0	-3	4	1	2	0	-1	-3	-3	-2	-2	-1	-2	-3	-2	-3	-1	2	-3	-3	
360	A	360-A	5	0	-2	-2	-1	-1	-3	-3	2	-1	1	0	-2	-2	-1	-2	-1	-2	-2	-1	
361	P	361-P	-1	-3	-3	-3	-3	-2	-4	-4	7	-3	-1	0	-3	-2	2	-2	-1	-2	-2	-1	
362	K	362-K	-1	-2	-3	-3	-3	-2	-4	-4	-2	-4	-1	-1	-2	-1	1	-1	6	2	-1	0	
363	I	363-I	-1	-4	3	3	3	1	0	-3	-3	-1	-2	-1	-1	-4	-3	-3	-3	-3	-4	-3	
364	K	364-K	-1	-3	1	-1	0	2	-2	-3	-2	-3	-1	-1	-2	-1	0	-1	3	3	-2	-1	
365	E	365-E	-2	-2	-3	-3	-3	-2	-3	-4	-2	-4	0	-1	-3	1	1	-1	1	3	5	3	
366	R	366-R	-2	-3	-3	-2	-3	-2	-3	-3	-2	-4	-1	-1	-2	-1	1	0	2	6	-2	0	
367	T	367-T	2	-1	-1	-1	0	-1	-2	-3	-1	-1	1	4	-2	-1	-1	-2	-1	-1	-1	-1	
368	H	368-H	-1	-3	0	-1	1	-1	-1	-3	-2	-2	-1	-1	1	0	0	7	-1	-1	-2	-1	
369	N	369-N	-1	1	-3	-3	-3	-2	-3	-3	-2	-3	0	-1	-2	5	0	2	1	3	0	0	
370	V	370-V	-1	-4	3	1	4	1	-1	-3	-3	-1	-2	0	-1	-3	-3	-3	-3	-3	-3	-3	
371	T	371-T	0	-1	-1	-2	-1	-1	-2	-3	-1	-1	3	4	-2	0	-1	-2	-1	-1	-1	-1	
372	E	372-E	0	-2	-3	-3	-2	-2	-3	-3	-1	-3	2	0	-2	0	1	0	0	0	2	4	
373	K	373-K	-1	-2	-1	1	-1	0	-2	-3	-2	-3	-1	-1	-2	-1	1	-1	4	2	-1	0	
374	V	374-V	0	-3	3	1	4	1	1	-3	-3	-1	-2	0	-1	-3	-2	-3	-3	-3	-3	-3	
375	T	375-T	2	-1	-1	-1	0	-1	-2	-3	-1	-1	1	4	-2	-1	-1	-2	-1	-1	-1	-1	
376	Q	376-Q	-1	-2	-3	-3	-3	-1	-3	-3	-1	-3	0	-1	-2	0	4	0	1	1	1	4	
377	V	377-V	0	-3	3	1	4	1	-1	-3	-3	-1	-2	0	-1	-3	-2	-3	-3	-3	-3	-3	
378	L	378-L	-2	-4	2	4	1	2	0	-2	-3	-1	-3	-1	-1	-4	-2	-3	-3	-2	-4	-3	
379	S	379-S	1	0	-3	-3	-2	-2	-3	-3	-1	-1	4	1	-2	1	0	-1	0	-1	0	0	
380	L	380-L	-2	-4	2	4	1	2	0	-2	-3	-1	-3	-1	-1	-4	-2	-3	-3	-2	-4	-3	
381	G	381-G	0	6	-4	-4	-3	-3	-3	-3	-2	-3	0	-2	-3	-1	-2	-2	-2	-3	-2	-2	
382	A	382-A	4	0	-2	-2	0	-1	-3	-3	0	-1	1	0	-2	-2	-1	-2	-1	-2	-1	-1	
383	D	383-D	-2	-2	-3	-4	-3	-3	-4	-5	-2	-4	0	-1	-3	1	0	-1	-1	-2	6	1	
384	V	384-V	0	-3	3	1	4	1	-1	-3	-3	-1	-2	0	-1	-3	-2	-3	-3	-3	-3	-3	
385	L	385-L	-2	-4	2	4	1	2	0	-2	-3	-1	-3	-1	-1	-4	-2	-3	-3	-2	-4	-3	
386	P	386-P	-1	-2	-3	-3	-3	-3	-4	-4	8	-3	-1	-1	-3	-2	-2	-2	-1	-2	-2	-1	
387	E	387-E	-1	-2	-4	-3	-3	-2	-4	-3	-1	-4	0	-1	-2	0	2	0	1	0	1	5	
388	Y	388-Y	-2	-3	-2	-1	-1	-1	3	2	-3	-3	-2	-2	7	-2	-2	2	-2	-2	-3	-2	
389	K	389-K	-1	-2	-3	-3	-3	-2	-3	-3	-1	-3	0	-1	-2	0	1	-1	5	2	-1	1	
390	L	390-L	-2	-4	2	4	1	2	0	-2	-3	-1	-3	-1	-1	-4	-2	-3	-3	-2	-4	-3	
391	Q	391-Q	-1	-2	-3	-2	-3	-1	-4	-2	-2	-3	0	-1	-2	0	6	0	1	1	0	2	
392	A	392-A	4	0	-1	-2	0	-1	-2	-3	-1	-1	1	2	-2	-1	-1	-2	-1	-2	-2	-1	
393	P	393-P	-1	-2	-3	-3	-3	-3	-4	-4	8	-3	-1	-1	-3	-2	-2	-2	-1	-2	-2	-1	
394	R	394-R	-2	-3	-3	-2	-3	-2	-3	-3	-2	-4	-1	-1	-2	-1	1	0	2	6	-2	0	
395	I	395-I	-2	-4	5	2	3	1	0	-3	-3	-1	-3	-1	-2	-4	-3	-4	-3	-3	-3	-4	
396	H	396-H	-2	-2	-4	-3	-3	-2	-2	-3	-2	-3	-1	-2	1	2	0	8	-1	0	-1	0	
397	R	397-R	-1	-2	-3	-3	-3	-2	-3	-3	-2	-3	0	-1	-2	0	1	-1	4	4	-1	0	
398	W	398-W	-3	-3	-2	-1	-3	-1	3	11	-4	-3	-3	-3	2	-4	-2	-2	-3	-3	-5	-3	
399	T	399-T	0	-2	-1	-1	0	-1	-2	-3	-1	-1	1	5	-2	0	-1	-2	-1	-1	-1	-1	
400	I	400-I	-1	-4	4	1	3	1	0	-3	-3	-1	-2	-1	-1	-3	-3	-4	-3	-3	-3	-3	
401	L	401-L	-2	-4	2	4	1	2	0	-2	-3	-1	-3	-1	-1	-4	-2	-3	-3	-2	-4	-3	
402	H	402-H	-2	-2	-4	-3	-4	-2	-1	-3	-2	-3	-1	-2	2	0	0	8	-1	0	-1	0	
403	Y	403-Y	-2	-3	-2	-1	-1	-1	3	2	-3	-3	-2	-2	7	-2	-2	2	-2	-2	-3	-2	
404	S	404-S	1	0	-3	-3	-2	-2	-3	-3	-1	-1	4	1	-2	1	0	-1	0	-1	0	0	
405	P	405-P	-1	-2	-3	-3	-3	-3	-4	-4	8	-3	-1	-1	-3	-2	-2	-2	-1	-2	-2	-1	
406	F	406-F	-3	-3	0	0	-1	0	7	1	-4	-3	-3	-2	3	-3	-4	-1	-3	-3	-4	-4	
407	K	407-K	-1	-2	-3	-3	-3	-2	-3	-3	-1	-3	0	-1	-2	0	1	-1	5	2	-1	1	
408	A	408-A	4	0	-2	-2	0	-1	-2	-3	-1	-1	1	0	-2	-2	-1	-2	-1	-2	-2	-1	
409	V	409-V	0	-3	3	1	4	1	-1	-3	-3	-1	-2	0	-1	-3	-2	-3	-3	-3	-3	-3	
410	W	410-W	-3	-3	-3	-2	-3	-2	1	11	-4	-3	-3	-3	2	-4	-2	-3	-3	-3	-5	-3	
411	D	411-D	-2	-2	-3	-4	-3	-3	-4	-5	-2	-4	0	-1	-3	1	0	-1	-1	-2	6	1	
412	W	412-W	-3	-3	-3	-2	-3	-2	1	11	-4	-3	-3	-3	2	-4	-2	-3	-3	-3	-5	-3	
413	L	413-L	-1	-4	2	4	1	2	0	-2	-3	-1	-3	-1	-1	-4	-2	-3	-3	-2	-4	-3	
414	I	414-I	-2	-4	5	2	3	1	0	-3	-3	-1	-3	-1	-2	-4	-3	-4	-3	-3	-3	-4	
415	L	415-L	-2	-4	2	4	1	2	0	-2	-3	-1	-3	-1	-1	-4	-2	-3	-3	-2	-4	-3	
416	L	416-L	-2	-4	2	4	1	2	0	-2	-3	-1	-3	-1	-1	-4	-2	-3	-3	-2	-4	-3	
417	L	417-L	-2	-4	1	4	1	2	0	-2	-3	-1	-3	-1	-1	-4	-2	-3	-3	-2	-4	-3	
418	V	418-V	0	-3	3	1	4	1	-1	-3	-3	-1	-2	0	-1	-3	-2	-3	-3	-3	-3	-3	
419	I	419-I	-2	-4	5	2	3	1	0	-3	-3	-1	-3	-1	-2	-4	-3	-4	-3	-3	-3	-4	
420	Y	420-Y	-2	-3	-2	-1	-1	-1	3	2	-3	-3	-2	-2	7	-2	-2	2	-2	-2	-3	-2	
421	T	421-T	0	-2	-1	-1	0	-1	-2	-3	-1	-1	1	5	-2	0	-1	-2	-1	-1	-1	-1	
422	A	422-A	4	0	-2	-2	0	-1	-2	-3	-1	-1	1	0	-2	-2	-1	-2	-1	-2	-2	-1	
423	V	423-V	-1	-4	4	1	3	1	-1	-3	-3	0	-2	-1	-1	-3	-3	-4	-3	-3	-3	-3	
424	F	424-F	-2	-4	0	2	0	0	6	0	-4	-2	-3	-2	2	-3	-3	-2	-3	-3	-4	-3	
425	T	425-T	0	-2	-1	-1	0	-1	-2	-3	-1	-1	1	5	-2	0	-1	-2	-1	-1	-1	-1	
426	P	426-P	-1	-2	-3	-3	-3	-3	-4	-4	8	-3	-1	-1	-3	-2	-2	-2	-1	-2	-2	-1	
427	Y	427-Y	-2	-3	-2	-1	-1	-1	3	2	-3	-3	-2	-2	7	-2	-2	2	-2	-2	-3	-2	
428	S	428-S	1	0	-3	-3	-2	-2	-3	-3	-1	-1	5	1	-2	1	0	-1	0	-1	0	0	
429	A	429-A	4	0	-2	-2	0	-1	-2	-3	-1	-1	1	0	-2	-2	-1	-2	-1	-2	-2	-1	
430	A	430-A	4	0	-2	-2	0	-1	-2	-3	-1	-1	1	0	-2	-2	-1	-2	-1	-2	-2	-1	
431	F	431-F	-2	-3	0	0	-1	0	7	1	-4	-1	-3	-2	3	-3	-4	-1	-3	-3	-4	-4	
432	L	432-L	-2	-4	2	4	1	2	0	-2	-3	-1	-3	-1	-1	-4	-2	-3	-3	-2	-4	-3	
433	L	433-L	-2	-4	2	4	1	2	0	-2	-3	-1	-3	-1	-1	-4	-2	-3	-3	-2	-4	-3	
434	K	434-K	-1	0	-3	-3	-3	-2	-3	-3	-1	-2	2	0	-2	4	0	0	2	0	1	0	
435	E	435-E	-1	-2	-3	-3	-3	-3	-3	-3	-1	-3	0	-1	-2	1	1	-1	0	-1	5	3	
436	T	436-T	0	-1	-2	-2	-1	-1	-3	-3	-1	-2	1	2	-2	0	3	0	1	2	0	1	
437	E	437-E	-1	-2	-3	-3	-2	-2	-4	-3	-1	-4	0	-1	-2	0	2	0	1	0	2	5	
438	E	438-E	-1	-2	-3	-3	-2	-2	-3	-3	-1	-4	0	-1	-2	0	2	0	1	0	2	5	
439	G	439-G	1	3	-1	-2	-1	-1	-2	-2	-1	-1	1	0	-2	0	0	0	0	0	0	0	
440	P	440-P	1	-1	-1	-1	0	-1	-3	-3	4	-2	0	-1	-2	-1	2	-1	1	0	-1	1	
441	P	441-P	1	-1	-1	-1	0	0	-2	-2	3	-2	0	0	-1	-1	1	-1	1	1	-1	0	
442	A	442-A	2	0	-1	-1	-1	2	-2	-2	-1	-2	0	-1	-1	-1	1	1	1	2	-2	0	
443	T	443-T	-1	-2	-2	-2	-2	-1	-2	1	4	-2	0	1	-1	0	2	1	0	2	0	0	
444	E	444-E	-1	-1	-3	-3	-2	-2	-3	-3	-1	-3	0	0	-2	2	1	0	0	0	4	3	
445	C	445-C	-1	-3	-2	-2	-1	-2	-3	-3	-3	10	-1	-1	-3	-3	-3	-3	-3	-4	-4	-4	
446	G	446-G	0	5	-3	-3	-2	-2	-3	-3	-2	-2	1	-1	-3	0	-2	-2	-2	-2	-1	-2	
447	Y	447-Y	-2	-3	-2	-1	-1	-1	3	2	-3	-3	-2	-2	7	-2	-2	2	-2	-2	-3	-2	
448	A	448-A	2	0	-2	-2	-1	-1	-2	-2	1	0	3	1	-1	0	0	-1	-1	-1	-1	-1	
449	C	449-C	-1	-3	-2	-2	-1	-2	-3	-3	-3	10	-1	-1	-3	-3	-3	-3	-3	-4	-4	-4	
450	Q	450-Q	0	-1	-2	-2	-2	0	-3	-3	-1	-2	3	1	-2	1	3	-1	0	0	0	1	
451	P	451-P	-1	-2	-3	-3	-3	-3	-4	-4	8	-3	-1	-1	-3	-2	-2	-2	-1	-2	-2	-1	
452	L	452-L	-2	-4	2	4	1	2	0	-2	-3	-1	-3	-1	-1	-4	-2	-3	-3	-2	-4	-3	
453	A	453-A	2	0	-3	-3	-2	-2	-3	-3	-2	-1	1	0	-2	5	0	0	-1	-1	0	-1	
454	V	454-V	0	-3	3	1	4	1	-1	-3	-3	-1	-2	0	-1	-2	-2	-3	-2	-3	-3	-3	
455	V	455-V	0	-4	3	1	4	1	-1	-3	-3	-1	-2	0	-1	-3	-2	-3	-3	-3	-3	-3	
456	D	456-D	-2	-2	-4	-4	-4	-3	-4	-5	-2	-4	0	-1	-3	1	0	-1	-1	-2	6	1	
457	L	457-L	-2	-4	1	4	1	2	1	-2	-3	-2	-3	-1	-1	-4	-2	-3	-3	-2	-4	-3	
458	I	458-I	-2	-4	5	2	3	1	0	-3	-3	-1	-3	-1	-2	-4	-3	-4	-3	-3	-3	-4	
459	V	459-V	0	-3	3	1	4	1	-1	-3	-3	-1	-2	0	-1	-3	-2	-3	-3	-3	-4	-3	
460	D	460-D	-2	-2	-4	-4	-4	-3	-4	-5	-2	-4	0	-1	-3	1	0	-1	-1	-2	6	1	
461	I	461-I	-2	-4	5	1	3	1	0	-3	-3	-1	-3	-1	-2	-4	-3	-4	-3	-3	-3	-4	
462	M	462-M	-1	-3	1	2	1	7	0	-2	-3	-2	-2	-1	-1	-3	-1	-2	-2	-2	-3	-2	
463	F	463-F	-3	-3	0	0	-1	0	7	1	-4	-3	-3	-2	3	-3	-4	-1	-3	-3	-4	-4	
464	I	464-I	-1	-4	5	1	3	1	0	-3	-3	-1	-3	-1	-2	-4	-3	-4	-3	-3	-3	-3	
465	V	465-V	-1	-4	4	1	4	1	-1	-3	-3	-1	-2	0	-1	-3	-3	-3	-3	-3	-3	-3	
466	D	466-D	-2	-2	-4	-4	-4	-3	-4	-5	-2	-4	0	-1	-3	1	0	-1	-1	-2	6	1	
467	I	467-I	-2	-4	5	1	3	1	0	-3	-3	-1	-3	-1	-2	-4	-3	-4	-3	-3	-3	-4	
468	L	468-L	-1	-4	2	4	2	2	0	-2	-3	-1	-3	-1	-1	-4	-2	-3	-3	-2	-4	-3	
469	I	469-I	-2	-4	5	1	3	1	0	-3	-3	-1	-3	-1	-2	-4	-3	-4	-3	-3	-3	-4	
470	N	470-N	-2	-1	-4	-4	-3	-2	-3	-4	-2	-3	0	0	-2	6	0	0	0	-1	1	0	
471	F	471-F	-3	-3	0	0	-1	0	7	1	-4	-3	-3	-2	3	-3	-4	-1	-3	-3	-4	-4	
472	R	472-R	-2	-3	-3	-2	-3	-2	-3	-3	-2	-4	-1	-1	-2	-1	1	0	2	6	-2	0	
473	T	473-T	0	-2	-1	-1	0	-1	-2	-3	-1	-1	1	5	-2	0	-1	-2	-1	-1	-1	-1	
474	T	474-T	0	-2	-1	-1	0	-1	-2	-3	-1	-1	1	5	-2	0	-1	-2	-1	-1	-1	-1	
475	Y	475-Y	-2	-3	-2	-1	-1	-1	3	2	-3	-3	-2	-2	7	-2	-2	2	-2	-2	-3	-2	
476	V	476-V	0	-3	3	1	4	1	-1	-3	-3	-1	-2	0	-1	-3	-2	-3	-3	-3	-4	-3	
477	N	477-N	-2	-1	-4	-4	-3	-2	-3	-4	-2	-3	0	0	-2	6	0	0	0	-1	1	0	
478	A	478-A	3	-1	-1	-2	0	-1	-2	-3	-1	-1	2	1	-2	0	2	-1	0	-1	-1	0	
479	N	479-N	-2	-1	-4	-4	-3	-2	-3	-4	-2	-3	0	0	-2	6	0	0	0	-1	1	0	
480	E	480-E	-1	-2	-4	-3	-3	-3	-4	-4	-1	-4	0	-1	-3	0	1	-1	0	-1	4	4	
481	E	481-E	-1	-2	-4	-3	-3	-2	-4	-3	-1	-4	0	-1	-2	0	2	0	1	0	1	6	
482	V	482-V	0	-3	3	1	4	1	-1	-3	-3	-1	-2	0	-1	-3	-2	-3	-3	-3	-4	-3	
483	V	483-V	0	-3	3	1	4	1	-1	-3	-3	-1	-2	0	-1	-3	-2	-3	-3	-3	-4	-3	
484	S	484-S	1	0	-3	-3	-2	-2	-3	-3	-1	-1	5	1	-2	0	0	-1	0	-1	0	0	
485	H	485-H	-1	-2	-3	-3	-3	-2	-2	-3	-2	-3	-1	-2	1	1	2	7	-1	0	2	0	
486	P	486-P	-1	-2	-3	-3	-3	-3	-4	-4	8	-3	0	-1	-3	-2	-1	-2	-1	-2	-2	-1	
487	G	487-G	2	4	-1	-1	0	-1	-2	-3	-2	-2	0	-1	-2	-1	0	-2	-1	-1	-2	-2	
488	R	488-R	-1	-2	-3	-3	-3	-2	-3	-3	-2	-4	-1	-1	-2	0	1	0	3	5	-1	0	
489	I	489-I	-2	-4	5	1	3	1	0	-3	-3	-1	-3	-1	-2	-4	-3	-4	-3	-3	-3	-4	
490	A	490-A	4	0	-2	-2	0	-1	-2	-3	-1	-1	1	0	-2	-2	-1	-2	-1	-2	-2	-1	
491	V	491-V	-1	-4	3	1	4	1	-1	-3	-3	-1	-2	0	-1	-3	-3	-3	-3	-3	-3	-3	
492	H	492-H	-2	-2	-4	-3	-4	-2	-2	-3	-3	-3	-1	-2	2	0	0	8	-1	0	-1	0	
493	Y	493-Y	-2	-3	-2	-1	-1	-1	3	2	-3	-3	-2	-2	7	-2	-2	2	-2	-2	-3	-2	
494	F	494-F	-3	-3	0	0	-1	0	7	1	-4	-3	-3	-2	3	-3	-4	-1	-3	-3	-4	-4	
495	K	495-K	-1	-2	-3	-3	-3	-2	-3	-3	-1	-3	0	-1	-2	0	1	-1	5	2	-1	1	
496	G	496-G	0	6	-4	-4	-3	-3	-3	-3	-2	-3	0	-2	-3	-1	-2	-2	-2	-3	-2	-2	
497	W	497-W	-3	-3	-3	-2	-3	-2	1	12	-4	-3	-3	-3	2	-4	-2	-3	-3	-3	-5	-3	
498	F	498-F	-3	-3	0	0	-1	0	7	1	-4	-3	-3	-2	3	-3	-4	-1	-3	-3	-4	-4	
499	L	499-L	-2	-4	2	4	1	2	0	-2	-3	-1	-3	-1	-1	-4	-2	-3	-3	-2	-4	-3	
500	I	500-I	-2	-4	5	1	3	1	0	-3	-3	-1	-3	-1	-2	-4	-3	-4	-3	-3	-3	-4	
501	D	501-D	-2	-2	-4	-4	-4	-3	-4	-5	-2	-4	0	-1	-3	1	0	-1	-1	-2	6	1	
502	M	502-M	-1	-3	1	2	1	7	0	-2	-3	-2	-2	-1	-1	-3	-1	-2	-2	-2	-3	-2	
503	V	503-V	0	-3	3	1	4	1	-1	-3	-3	-1	-2	0	-1	-3	-2	-3	-3	-3	-4	-3	
504	A	504-A	4	0	-2	-2	0	-1	-2	-3	-1	-1	1	0	-2	-2	-1	-2	-1	-2	-2	-1	
505	A	505-A	4	0	-2	-2	0	-1	-2	-3	-1	-1	1	0	-2	-2	-1	-2	-1	-2	-2	-1	
506	I	506-I	-2	-4	5	1	3	1	0	-3	-3	-1	-3	-1	-2	-4	-3	-4	-3	-3	-3	-4	
507	P	507-P	-1	-2	-3	-3	-3	-3	-4	-4	8	-3	-1	-1	-3	-2	-2	-2	-1	-2	-2	-1	
508	F	508-F	-3	-3	0	0	-1	0	7	1	-4	-3	-3	-2	3	-3	-4	-1	-3	-3	-4	-4	
509	D	509-D	-2	-2	-4	-4	-4	-3	-4	-5	-2	-4	0	-1	-3	1	0	-1	-1	-2	6	1	
510	L	510-L	-2	-4	2	4	1	2	0	-2	-3	-1	-3	-1	-1	-4	-2	-3	-3	-2	-4	-3	
511	L	511-L	-2	-4	2	4	1	2	0	-2	-3	-1	-3	-1	-1	-4	-2	-3	-3	-2	-4	-3	
512	I	512-I	-2	-4	5	1	3	1	0	-3	-3	-1	-3	-1	-2	-4	-3	-4	-3	-3	-3	-4	
513	F	513-F	-2	-3	-1	0	-1	0	6	1	-4	-3	-2	-2	5	-3	-3	0	-3	-3	-4	-3	
514	G	514-G	0	5	-4	-3	-3	-2	-3	-3	-2	-3	-1	-1	-3	0	-1	0	0	3	-1	-1	
515	S	515-S	1	0	-3	-3	-2	-2	-3	-3	-1	-1	4	1	-2	3	0	-1	0	-1	0	0	
516	G	516-G	0	6	-4	-4	-3	-3	-3	-3	-2	-3	0	-1	-3	-1	-2	-2	-2	-3	-1	-2	
517	S	517-S	1	-1	-3	-3	-2	-2	-3	-3	-1	-2	4	1	-2	0	1	-1	0	-1	0	3	
518	E	518-E	-1	-2	-3	-3	-3	-2	-4	-3	-1	-4	0	-1	-2	0	2	0	0	0	3	5	
519	E	519-E	-1	-2	-2	-2	-2	-2	-3	-3	-1	-3	0	2	-2	0	1	-1	0	-1	1	4	
520	L	520-L	-2	-4	1	4	1	2	0	-2	-3	-1	-2	-1	-1	-3	-2	-3	-3	-2	-4	-3	
521	I	521-I	-1	-4	5	1	3	1	0	-3	-3	-1	-2	-1	-1	-3	-3	-3	-3	-3	-3	-3	
522	G	522-G	0	6	-4	-4	-3	-3	-3	-3	-2	-3	0	-2	-3	-1	-2	-2	-2	-2	-1	-2	
523	L	523-L	-2	-4	1	4	1	2	0	-2	-3	-1	-2	-1	-1	-3	-2	-3	-3	-2	-4	-3	
524	L	524-L	-2	-4	1	4	1	2	0	-2	-3	-1	-2	-1	-1	-3	-2	-3	-3	-2	-4	-3	
525	K	525-K	-1	-2	-3	-3	-2	-1	-3	-3	-1	-3	0	-1	-2	0	1	-1	5	2	-1	1	
526	T	526-T	0	-2	-1	-1	0	-1	-2	-3	-1	-1	1	5	-2	0	-1	-2	-1	-1	-1	-1	
527	A	527-A	4	0	-1	-2	0	-1	-2	-3	-1	-1	1	0	-2	-2	-1	-2	-1	-2	-2	-1	
528	R	528-R	-2	-2	-3	-2	-3	-2	-3	-3	-2	-3	-1	-1	-2	-1	1	0	2	6	-2	0	
529	L	529-L	-2	-3	1	4	1	2	0	-2	-3	-1	-2	-1	-1	-3	-2	-3	-2	-2	-3	-3	
530	L	530-L	-2	-4	1	4	1	2	0	-2	-3	-1	-2	-1	-1	-3	-2	-3	-2	-2	-3	-3	
531	R	531-R	-2	-2	-3	-2	-3	-2	-3	-3	-2	-3	-1	-1	-2	-1	1	0	2	6	-2	0	
532	L	532-L	-2	-4	1	4	1	2	0	-2	-3	-1	-2	-1	-1	-3	-2	-3	-2	-2	-3	-3	
533	V	533-V	0	-3	3	1	4	1	-1	-3	-3	-1	-2	0	-1	-3	-2	-3	-2	-2	-3	-3	
534	R	534-R	-2	-3	-3	-2	-3	-1	-3	-3	0	-4	-1	-1	-2	-1	1	-1	2	6	-2	0	
535	V	535-V	0	-3	3	1	4	1	-1	-3	-3	1	-2	0	-1	-3	-3	-3	-3	-3	-4	-3	
536	A	536-A	4	0	-2	-2	0	-1	-2	-3	0	-1	1	0	-2	0	-1	-2	-1	-2	-2	-1	
537	R	537-R	-2	-3	-3	-2	-3	-2	-3	-3	-2	-4	-1	-1	-2	-1	1	0	2	6	-2	1	
538	K	538-K	-1	-2	-3	-3	-3	-2	-3	-3	-1	-3	0	-1	-2	0	1	-1	5	2	-1	1	
539	L	539-L	-2	-4	2	4	1	2	0	1	-3	-1	-3	-1	-1	-4	-2	-3	-3	-2	-4	-3	
540	D	540-D	-2	-1	-3	-4	-3	-3	-4	-4	0	-4	0	-1	-3	1	0	-1	-1	-2	6	1	
541	R	541-R	-2	-2	-3	-2	-2	-1	-3	-3	-2	-3	-1	-1	-2	-1	1	0	2	6	-2	0	
542	Y	542-Y	-2	-3	-1	-1	-1	-1	3	2	-3	-3	-2	-2	7	-2	-2	2	-2	-2	-3	-2	
543	S	543-S	1	0	-2	-3	-2	-2	-2	-3	-1	-1	4	1	-2	0	0	-1	0	-1	0	0	
544	E	544-E	-1	-2	-3	-3	-2	-1	-3	-3	-1	-4	0	-1	-2	0	2	0	1	0	1	5	
545	Y	545-Y	-2	-3	-2	-1	-1	-1	3	2	-3	-3	-1	-2	7	-2	-2	2	-2	-2	-3	-2	
546	G	546-G	0	6	-4	-4	-3	-3	-3	-3	-2	-3	0	-2	-3	0	-2	-2	-2	-2	-1	-2	
547	A	547-A	4	0	-1	-2	0	-1	-2	-3	-1	-1	1	0	-2	-2	-1	-2	-1	-2	-2	-1	
548	A	548-A	4	0	-1	-2	0	-1	-2	-3	-1	-1	1	0	-2	-2	-1	-2	0	-1	-2	-1	
549	V	549-V	0	-3	3	1	4	1	-1	-3	-2	-1	-2	0	-1	-3	-2	-3	-2	-3	-3	-3	
550	L	550-L	-2	-4	1	4	1	2	0	-2	-1	-1	-2	-1	-1	-3	-2	-3	-2	-2	-3	-3	
551	F	551-F	-2	-3	0	1	0	2	6	0	-3	-2	-2	-2	2	-3	-2	-1	-3	-3	-3	-3	
552	L	552-L	-2	-3	1	4	1	2	0	-2	-3	-1	-2	-1	-1	-2	-2	-3	-2	-2	-3	-3	
553	L	553-L	-2	-4	1	4	1	2	0	-2	-3	-1	-2	-1	-1	-3	-2	-3	-2	-2	-3	-2	
554	M	554-M	-1	-3	1	2	0	6	0	-2	-2	-2	-1	-1	-1	-2	-1	-2	-1	-2	-3	-2	
555	C	555-C	-1	-3	-1	-1	-1	-1	-2	-2	-3	9	-1	-1	-3	-3	-3	-3	-3	-3	-4	-4	
556	T	556-T	0	-2	1	-1	0	0	-1	-2	-1	-1	1	4	1	-1	-1	-2	-1	-2	-2	-1	
557	F	557-F	-3	-3	0	0	-1	0	7	1	-4	-3	-3	-2	3	-3	-4	-1	-3	-3	-4	-4	
558	A	558-A	4	0	-2	-2	0	-1	-2	-3	-1	-1	1	0	-2	-2	-1	-2	-1	-2	-2	-1	
559	L	559-L	-2	-4	2	4	1	2	0	-2	-3	-1	-3	-1	-1	-4	-2	-3	-3	-2	-4	-3	
560	I	560-I	-2	-4	5	1	3	1	0	-3	-3	-1	-3	-1	-2	-4	-3	-4	-3	-3	-3	-4	
561	A	561-A	4	0	-2	-2	0	-1	-2	-3	-1	-1	1	0	-2	-2	-1	-2	-1	-2	-2	-1	
562	H	562-H	-2	-2	-4	-3	-4	-2	-2	-3	-3	-3	-1	-2	2	0	0	8	-1	0	-1	0	
563	W	563-W	-3	-3	-3	-2	-3	-2	1	12	-4	-3	-3	-3	2	-4	-2	-3	-3	-3	-5	-3	
564	L	564-L	-2	-4	2	4	1	2	0	-2	-3	-1	-3	-1	-1	-4	-2	-3	-3	-2	-4	-3	
565	A	565-A	4	0	-2	-2	0	-1	-2	-3	-1	-1	1	0	-2	-2	-1	-2	-1	-2	-2	-1	
566	C	566-C	-1	-3	-2	-2	-1	-2	-3	-3	-3	10	-1	-1	-3	-3	-3	-3	-3	-4	-4	-4	
567	I	567-I	-2	-4	5	1	3	1	0	-3	-3	-1	-3	-1	-2	-4	-3	-4	-3	-3	-3	-4	
568	W	568-W	-3	-3	-3	-2	-3	-2	1	12	-4	-3	-3	-3	2	-4	-2	-3	-3	-3	-5	-3	
569	Y	569-Y	-2	-3	-2	-1	-1	-1	3	2	-3	-3	-2	-2	7	-2	-2	2	-2	-2	-3	-2	
570	A	570-A	4	0	-2	-2	0	-1	-2	-3	-1	-1	1	0	-2	-2	-1	-2	-1	-2	-2	-1	
571	I	571-I	-2	-4	5	1	3	1	0	-3	-3	-1	-3	-1	-2	-4	-3	-4	-3	-3	-3	-4	
572	G	572-G	0	6	-4	-4	-3	-3	-3	-3	-2	-3	0	-2	-3	-1	-2	-2	-2	-3	-2	-2	
573	N	573-N	-1	0	-3	-4	-3	-2	-3	-4	-2	-3	1	0	-2	6	0	1	0	-1	1	0	
574	M	574-M	-1	-3	2	1	3	4	-1	-2	-3	-1	-2	0	-1	-2	-2	-3	-2	-2	-3	-3	
575	E	575-E	-1	-2	-4	-3	-3	-2	-4	-3	-1	-4	0	-1	-2	0	2	0	1	0	2	5	
576	Q	576-Q	-1	-2	-3	-2	-2	-1	-3	-2	-2	-3	0	-1	-2	0	4	0	2	4	-1	1	
577	P	577-P	0	-1	-2	-2	-1	-1	-2	-2	6	-2	0	0	-2	-1	-1	-1	-1	-1	-1	-1	
578	H	578-H	-1	0	-2	-1	-2	-1	1	0	-1	-2	-1	-1	4	0	0	5	-1	-1	-1	0	
579	M	579-M	0	-1	1	2	0	4	0	-1	-1	-1	-1	0	-1	-1	-1	-1	-1	-1	-2	-1	
580	D	580-D	0	0	-2	-2	-2	-2	-3	-3	1	-2	1	1	-2	3	0	-1	0	-1	4	1	
581	S	581-S	1	2	-3	-3	-2	-2	-3	-3	0	-2	2	0	-2	0	1	2	0	0	1	0	
582	R	582-R	0	-1	-3	-2	-2	-2	-3	-3	-2	-3	1	0	-2	0	1	0	3	4	-1	0	
583	I	583-I	-2	-4	5	1	3	1	0	-3	-3	-1	-2	0	-2	-3	-3	-4	-3	-3	-3	-3	
584	G	584-G	0	6	-4	-4	-3	-3	-3	-3	-2	-3	0	-2	-3	-1	-2	-2	-2	-3	-2	-2	
585	W	585-W	-3	-3	-3	-2	-3	-2	1	12	-4	-3	-3	-3	2	-4	-2	-3	-3	-3	-5	-3	
586	L	586-L	-2	-4	2	4	1	2	0	-2	-3	-1	-3	-1	-1	-4	-2	-3	-3	-2	-4	-3	
587	H	587-H	-2	-2	-3	-3	-3	-2	-1	-2	-2	-3	-1	-2	2	1	0	7	-1	0	3	0	
588	N	588-N	0	-1	-2	-3	-2	-2	-3	-3	-1	-2	3	2	-2	4	0	-1	0	-1	0	0	
589	L	589-L	-2	-4	2	4	1	2	0	-2	-3	-1	-3	-1	-1	-4	-2	-3	-3	-2	-4	-3	
590	G	590-G	0	6	-4	-4	-3	-3	-3	-3	-2	-3	0	-2	-3	-1	-2	-2	-2	-3	-2	-2	
591	D	591-D	-2	-1	-3	-3	-2	-2	-3	-4	-2	-4	0	-1	-3	1	2	-1	0	-1	5	2	
592	Q	592-Q	-1	-2	-3	-2	-3	-1	-4	-2	-2	-3	0	-1	-2	0	6	1	1	1	0	2	
593	I	593-I	-2	-4	4	3	2	2	0	-2	-3	-1	-3	-1	-1	-4	-3	-3	-3	-3	-4	-3	
594	G	594-G	0	6	-4	-4	-3	-3	-3	-3	-2	-3	0	-2	-3	-1	-2	-2	-2	-3	-2	-2	
595	K	595-K	-1	-2	-3	-3	-3	-2	-3	-3	-1	-3	0	-1	-2	0	1	-1	5	2	-1	1	
596	P	596-P	-1	-2	-3	-3	-3	-2	-3	-3	7	-3	-1	-1	-1	-1	0	3	0	2	-2	-1	
597	Y	597-Y	-2	-3	-1	0	-1	-1	4	2	-3	-3	-2	-2	7	-2	-2	2	-2	-2	-3	-2	
598	N	598-N	-2	-1	-4	-4	-3	-2	-3	-4	-2	-3	0	0	-2	6	0	0	0	-1	1	0	
599	S	599-S	0	0	-2	-3	-2	-2	-3	-3	-1	-2	2	0	-1	1	1	-1	0	-1	3	1	
600	S	600-S	1	-1	-2	-2	-2	-2	-3	-3	-1	-1	4	2	-2	1	0	-1	0	-1	0	0	
601	G	601-G	0	3	0	-1	0	-1	-2	-3	-2	-2	1	0	-2	0	-1	-2	-1	-2	1	-1	
602	L	602-L	0	-2	0	2	0	0	-1	-2	3	-2	1	0	-2	-1	0	-1	-1	0	-2	-1	
603	G	603-G	0	5	-3	-3	-3	-2	-2	-2	-1	-2	2	0	-1	0	-1	1	-1	-2	-1	-1	
604	G	604-G	0	6	-4	-4	-3	-3	-3	-3	-2	-3	0	-2	-3	-1	-2	-2	-2	-3	-2	-2	
605	P	605-P	-1	-2	-3	-3	-3	-3	-4	-4	8	-3	-1	-1	-3	-2	-2	-2	-1	-2	-2	-1	
606	S	606-S	1	-1	-3	-3	-2	-2	-3	-3	-1	0	4	2	-2	0	0	-1	0	-1	0	0	
607	I	607-I	-2	-4	5	1	3	1	0	-3	-3	-1	-3	-1	-2	-3	-3	-4	-3	-3	-3	-3	
608	K	608-K	-1	-2	-3	-3	-3	-2	-3	-3	-1	-3	0	-1	-2	0	1	-1	5	2	-1	1	
609	D	609-D	-2	-2	-4	-4	-4	-3	-4	-5	-2	-4	0	-1	-3	1	0	-1	-1	-2	6	1	
610	K	610-K	-1	-2	-3	-3	-3	-2	-3	-3	-1	-3	0	-1	-2	0	1	-1	5	2	-1	1	
611	Y	611-Y	-2	-3	-2	-1	-1	-1	3	2	-3	-3	-2	-2	7	-2	-2	2	-2	-2	-3	-2	
612	V	612-V	0	-4	3	1	4	1	-1	-3	-3	-1	-2	0	-1	-3	-2	-3	-3	-3	-3	-3	
613	T	613-T	0	-2	-1	-1	0	-1	-2	-3	-1	-1	1	5	-2	0	-1	-2	-1	-1	-1	-1	
614	A	614-A	4	0	-2	-2	0	-1	-2	-3	-1	-1	1	0	-2	-2	-1	-2	-1	-2	-2	-1	
615	L	615-L	-2	-4	2	4	1	2	0	-2	-3	-1	-3	-1	-1	-4	-2	-3	-3	-2	-4	-3	
616	Y	616-Y	-2	-3	-2	-1	-1	-1	3	2	-3	-3	-2	-2	7	-2	-2	2	-2	-2	-3	-2	
617	F	617-F	-3	-3	0	0	-1	0	7	1	-4	-3	-3	-2	3	-3	-4	-1	-3	-3	-4	-4	
618	T	618-T	0	-2	-1	-1	0	-1	-2	-3	-1	-1	1	5	-2	0	-1	-2	-1	-1	-1	-1	
619	F	619-F	-3	-3	0	0	-1	0	7	1	-4	-3	-3	-2	3	-3	-4	-1	-3	-3	-4	-4	
620	S	620-S	1	0	-3	-3	-2	-2	-3	-3	-1	-1	5	1	-2	0	0	-1	0	-1	0	0	
621	S	621-S	1	0	-3	-3	-2	-2	-3	-3	-1	-1	5	1	-2	0	0	-1	0	-1	0	0	
622	L	622-L	-2	-4	2	4	1	2	0	-2	-3	-1	-3	-1	-1	-4	-2	-3	-3	-2	-4	-3	
623	T	623-T	0	-2	-1	-1	0	-1	-2	-3	-1	-1	1	5	-2	0	-1	-2	-1	-1	-1	-1	
624	S	624-S	1	0	-3	-3	-2	-2	-3	-3	-1	-1	4	1	-2	0	0	-1	0	-1	0	0	
625	V	625-V	0	-3	3	1	4	1	-1	-3	-3	-1	-2	0	-1	-3	-2	-3	-3	-3	-4	-3	
626	G	626-G	0	6	-4	-4	-3	-3	-3	-3	-2	-3	0	-2	-3	-1	-2	-2	-2	-3	-2	-2	
627	F	627-F	-3	-3	0	0	-1	0	7	1	-4	-3	-3	-2	3	-3	-4	-1	-3	-3	-4	-4	
628	G	628-G	0	6	-4	-4	-3	-3	-3	-3	-2	-3	0	-2	-3	-1	-2	-2	-2	-3	-2	-2	
629	N	629-N	-2	-1	-4	-4	-3	-2	-3	-4	-2	-3	0	0	-2	6	0	0	0	-1	1	0	
630	V	630-V	0	-4	3	1	4	1	-1	-3	-3	-1	-2	0	-1	-3	-2	-3	-3	-3	-3	-3	
631	S	631-S	1	0	-3	-3	-2	-2	-3	-3	-1	-1	5	1	-2	0	0	-1	0	-1	0	0	
632	P	632-P	-1	-2	-3	-3	-3	-3	-4	-4	8	-3	-1	-1	-3	-2	-2	-2	-1	-2	-2	-1	
633	N	633-N	-2	-1	-4	-4	-3	-2	-3	-4	-2	-3	0	0	-2	6	0	0	0	-1	1	0	
634	T	634-T	0	-2	-1	-1	0	-1	-2	-3	-1	-1	1	5	-2	0	-1	-2	-1	-1	-1	-1	
635	N	635-N	-2	-1	-4	-4	-3	-2	-3	-4	-2	-3	0	0	-2	6	0	0	0	-1	1	0	
636	S	636-S	1	0	-3	-3	-2	-2	-3	-3	0	-1	4	1	-2	0	0	-1	0	-1	0	0	
637	E	637-E	-1	-2	-4	-3	-3	-2	-4	-3	-1	-4	0	-1	-2	0	2	0	1	0	1	6	
638	K	638-K	-1	-2	-3	-3	-3	-2	-3	-3	-1	-3	0	-1	-2	0	1	-1	5	2	-1	1	
639	I	639-I	-2	-4	5	1	3	1	0	-3	-3	-1	-3	-1	-2	-4	-3	-4	-3	-3	-3	-4	
640	F	640-F	-3	-3	0	0	-1	0	7	1	-4	-3	-3	-2	3	-3	-4	-1	-3	-3	-4	-4	
641	S	641-S	1	0	-3	-3	-2	-2	-3	-3	-1	-1	4	1	-2	0	0	-1	0	-1	0	0	
642	I	642-I	-2	-4	5	1	3	1	0	-3	-3	-1	-3	-1	-2	-4	-3	-4	-3	-3	-3	-3	
643	C	643-C	-1	-3	-2	-2	-1	-2	-3	-3	-3	9	-1	-1	-3	-3	-3	-3	-3	-4	-4	-4	
644	V	644-V	0	-3	3	1	4	1	-1	-3	-3	-1	-2	0	-1	-3	-2	-3	-3	-3	-3	-3	
645	M	645-M	-1	-3	1	2	1	7	0	-2	-3	-2	-2	-1	-1	-2	-1	-2	-2	-2	-3	-2	
646	L	646-L	-2	-4	1	4	1	2	0	-2	-3	-1	-3	-1	-1	-4	-2	-3	-3	-2	-4	-3	
647	I	647-I	-2	-4	5	1	3	1	0	-3	-3	-1	-3	-1	-2	-4	-3	-4	-3	-3	-3	-3	
648	G	648-G	0	6	-4	-4	-3	-3	-3	-3	-2	-3	0	-2	-3	-1	-2	-2	-2	-3	-2	-2	
649	S	649-S	1	0	-3	-3	-2	-2	-3	-3	-1	-1	4	1	-2	0	0	-1	0	-1	-1	0	
650	L	650-L	-2	-4	2	4	1	2	0	-2	-3	-1	-3	-1	-1	-4	-2	-3	-3	-2	-4	-3	
651	M	651-M	-1	-3	1	2	1	7	0	-2	-3	-2	-2	-1	-1	-3	-1	-2	-2	-2	-3	-2	
652	Y	652-Y	-2	-3	-2	-1	-1	-1	3	2	-3	-3	-2	-2	7	-2	-2	2	-2	-2	-3	-2	
653	A	653-A	4	0	-2	-2	0	-1	-2	-3	-1	-1	1	0	-2	-2	-1	-2	-1	-2	-2	-1	
654	S	654-S	1	0	-3	-3	-2	-2	-3	-3	-1	-1	5	1	-2	0	0	-1	0	-1	0	0	
655	I	655-I	-2	-4	5	1	3	1	0	-3	-3	-1	-3	-1	-2	-4	-3	-4	-3	-3	-3	-4	
656	F	656-F	-3	-3	0	0	-1	0	7	1	-4	-3	-3	-2	3	-3	-4	-1	-3	-3	-4	-4	
657	G	657-G	0	6	-4	-4	-3	-3	-3	-3	-2	-3	0	-2	-3	-1	-2	-2	-2	-3	-2	-2	
658	N	658-N	-2	-1	-4	-4	-3	-2	-3	-4	-2	-3	0	0	-2	6	0	0	0	-1	1	0	
659	V	659-V	0	-3	3	1	4	1	-1	-3	-3	-1	-2	0	-1	-3	-2	-3	-3	-3	-4	-3	
660	S	660-S	1	0	-3	-3	-2	-2	-3	-3	-1	-1	5	1	-2	0	0	-1	0	-1	0	0	
661	A	661-A	4	0	-2	-2	0	-1	-2	-3	-1	-1	1	0	-2	-2	-1	-2	-1	-2	-2	-1	
662	I	662-I	-2	-4	5	1	3	1	0	-3	-3	-1	-3	-1	-2	-4	-3	-4	-3	-3	-3	-4	
663	I	663-I	-2	-4	5	1	3	1	0	-3	-3	-1	-3	-1	-2	-4	-3	-4	-3	-3	-3	-4	
664	Q	664-Q	-1	-2	-3	-2	-3	-1	-4	-2	-2	-3	0	-1	-2	0	6	0	1	1	-1	2	
665	R	665-R	-2	-3	-3	-2	-3	-2	-3	-3	-2	-4	-1	-1	-2	-1	1	0	2	6	-2	0	
666	L	666-L	-2	-4	2	4	1	2	0	-2	-3	-1	-3	-1	-1	-4	-2	-3	-3	-2	-4	-3	
667	Y	667-Y	-2	-3	-2	-1	-1	-1	3	2	-3	-3	-2	-2	7	-2	-2	2	-2	-2	-3	-2	
668	S	668-S	1	0	-3	-3	-2	-2	-3	-3	-1	-1	5	1	-2	0	0	-1	0	-1	0	0	
669	G	669-G	0	6	-4	-4	-3	-3	-3	-3	-2	-3	0	-2	-3	-1	-2	-2	-2	-3	-2	-2	
670	T	670-T	0	-2	-1	-1	0	-1	-2	-3	-1	-1	1	5	-2	0	-1	-2	-1	-1	-1	-1	
671	A	671-A	4	0	-2	-2	0	-1	-2	-3	-1	-1	1	0	-2	-2	-1	-2	-1	-2	-2	-1	
672	R	672-R	-2	-3	-3	-2	-3	-2	-3	-3	-2	-4	-1	-1	-2	-1	1	0	2	6	-2	0	
673	Y	673-Y	-2	-3	-2	-1	-1	-1	3	2	-3	-3	-2	-2	7	-2	-2	2	-2	-2	-3	-2	
674	H	674-H	-2	-2	-4	-3	-4	-2	-2	-3	-3	-3	-1	-2	2	0	0	8	-1	0	-1	0	
675	T	675-T	0	-2	0	-1	0	2	-2	-3	-1	-1	1	5	-2	0	-1	-2	-1	-1	-2	-1	
676	Q	676-Q	-1	-2	-3	-2	-3	-1	-4	-2	-2	-3	0	-1	-2	0	6	0	1	1	-1	2	
677	M	677-M	-1	-3	1	2	1	7	0	-2	-3	-2	-2	-1	-1	-3	-1	-2	-2	-2	-3	-2	
678	L	678-L	-2	-4	2	4	1	2	0	-2	-3	-1	-3	-1	-1	-4	-2	-3	-3	-2	-4	-3	
679	R	679-R	-2	-3	-3	-2	-3	-2	-3	-3	-2	-4	-1	-1	-2	-1	1	0	2	6	-2	0	
680	V	680-V	0	-3	3	1	4	1	-1	-3	-3	-1	-2	0	-1	-3	-2	-3	-3	-3	-4	-3	
681	R	681-R	-1	-2	-3	-2	-3	-2	-3	-3	-2	-4	-1	-1	-2	-1	1	0	3	6	-2	0	
682	E	682-E	-1	-2	-4	-3	-3	-2	-4	-3	-1	-4	0	-1	-2	0	2	0	1	0	1	6	
683	F	683-F	-3	-3	0	0	-1	0	7	1	-4	-3	-3	-2	3	-3	-4	-1	-3	-3	-4	-4	
684	I	684-I	-2	-4	5	1	3	1	0	-3	-3	-1	-3	-1	-2	-4	-3	-4	-3	-3	-3	-4	
685	R	685-R	-2	-3	-3	-2	-3	-2	-3	-3	-2	-4	-1	-1	-2	-1	1	0	2	6	-2	0	
686	F	686-F	-3	-3	0	0	-1	0	7	1	-4	-3	-3	-2	3	-3	-4	-1	-3	-3	-4	-4	
687	H	687-H	-2	-2	-4	-3	-4	-2	-2	-3	-3	-3	-1	-2	2	0	0	8	-1	0	-1	0	
688	Q	688-Q	-1	-2	-3	-2	-3	-1	-4	-2	-2	-3	0	-1	-2	0	6	0	1	1	-1	2	
689	I	689-I	-2	-4	5	1	3	1	0	-3	-3	-1	-3	-1	-2	-4	-3	-4	-3	-3	-3	-4	
690	P	690-P	-1	-2	-3	-3	-3	-3	-4	-4	8	-3	-1	-1	-3	-2	-2	-2	-1	-2	-2	-1	
691	N	691-N	-2	-1	-4	-4	-3	-2	-3	-4	-2	-3	0	0	-2	6	0	0	0	-1	1	0	
692	P	692-P	-1	-2	-3	-3	-3	-3	-4	-4	8	-3	-1	-1	-3	-2	-2	-2	-1	-2	-2	-1	
693	L	693-L	-2	-4	2	4	1	2	0	-2	-3	-1	-3	-1	-1	-4	-2	-3	-3	-2	-4	-3	
694	R	694-R	-2	-3	-3	-2	-3	-2	-3	-3	-2	-4	-1	-1	-2	-1	1	0	2	6	-2	0	
695	Q	695-Q	-1	-2	-3	-2	-3	-1	-4	-2	-2	-3	0	-1	-2	0	6	0	1	1	-1	2	
696	R	696-R	-2	-3	-3	-2	-3	-2	-3	-3	-2	-4	-1	-1	-2	-1	1	0	2	6	-2	0	
697	L	697-L	-2	-4	2	4	1	2	0	-2	-3	-1	-3	-1	-1	-4	-2	-3	-3	-2	-4	-3	
698	E	698-E	-1	-2	-4	-3	-3	-2	-4	-3	-1	-4	0	-1	-2	0	2	0	1	0	1	6	
699	E	699-E	-1	-2	-4	-3	-3	-2	-4	-3	-1	-4	0	-1	-2	0	2	0	1	0	1	6	
700	Y	700-Y	-2	-3	-2	-1	-1	-1	3	2	-3	-3	-2	-2	7	-2	-2	2	-2	-2	-3	-2	
701	F	701-F	-3	-3	0	0	-1	0	7	1	-4	-3	-3	-2	3	-3	-4	-1	-3	-3	-4	-4	
702	Q	702-Q	-1	-2	-3	-2	-3	-1	-4	-2	-2	-3	0	-1	-2	0	6	0	1	1	-1	2	
703	H	703-H	-2	-2	-4	-3	-4	-2	-2	-3	-3	-3	-1	-2	2	0	0	8	-1	0	-1	0	
704	A	704-A	4	0	-2	-2	0	-1	-2	-3	-1	-1	1	0	-2	-2	-1	-2	-1	-2	-2	-1	
705	W	705-W	-3	-3	-3	-2	-3	-2	1	12	-4	-3	-3	-3	2	-4	-2	-3	-3	-3	-5	-3	
706	S	706-S	1	-1	-2	-2	-2	-2	-3	-3	-1	-1	4	2	-2	0	0	-1	0	-1	-1	0	
707	Y	707-Y	-2	-3	-2	-1	-1	-1	3	2	-3	-3	-2	-2	7	-2	-2	2	-2	-2	-3	-2	
708	T	708-T	0	-2	-1	-1	0	-1	-2	-3	-1	-1	1	5	-2	0	-1	-2	-1	-1	-1	-1	
709	N	709-N	-2	-1	-4	-4	-3	-2	-3	-4	-2	-3	0	0	-2	6	0	0	0	-1	1	0	
710	G	710-G	0	6	-4	-4	-3	-3	-3	-3	-2	-3	0	-2	-3	-1	-2	-2	-2	-3	-2	-2	
711	I	711-I	-2	-4	5	1	3	1	0	-3	-3	-1	-3	-1	-2	-4	-3	-4	-3	-3	-3	-4	
712	D	712-D	-2	-2	-4	-4	-4	-3	-4	-5	-2	-4	0	-1	-3	1	0	-1	-1	-2	6	1	
713	M	713-M	-1	-3	1	2	1	7	0	-2	-3	-2	-2	-1	-1	-3	-1	-2	-2	-2	-3	-2	
714	N	714-N	-2	-1	-4	-4	-3	-2	-3	-4	-2	-3	0	0	-2	6	0	0	0	-1	1	0	
715	A	715-A	4	0	-1	-1	0	2	-2	-3	-1	-1	1	0	-2	-2	-1	-2	-1	-2	-2	-1	
716	V	716-V	0	-3	2	1	4	1	-1	-3	-2	-1	-2	0	-1	-3	-2	-3	-2	-3	-3	-2	
717	L	717-L	-2	-3	1	4	1	2	0	-2	-3	-1	-2	-1	-1	-3	-2	-3	-2	-2	-3	-3	
718	K	718-K	-1	-2	-3	-3	-2	-1	-3	-3	-1	-3	0	-1	-2	0	1	-1	5	2	-1	1	
719	G	719-G	0	6	-4	-4	-3	-3	-3	-3	-2	-3	0	-2	-3	-1	-2	-2	-2	-2	-1	-2	
720	F	720-F	-2	-3	0	0	-1	0	7	1	-3	-2	-2	-2	3	-3	-3	-1	-3	-3	-3	-3	
721	P	721-P	-1	-2	-3	-3	-2	-3	-4	-4	8	-3	-1	-1	-3	-2	-1	-2	-1	-2	-2	-1	
722	E	722-E	-1	-2	-3	-3	-2	-2	-3	-3	-1	-3	0	-1	-2	0	2	0	1	0	2	5	
723	C	723-C	-1	-2	-1	-1	-1	-2	-2	-2	-3	9	-1	-1	-2	-3	-3	-3	-3	-3	-3	-3	
724	L	724-L	-1	-3	1	4	1	2	0	-2	-3	-1	-2	-1	-1	-3	-2	-3	-2	-2	-3	-3	
725	Q	725-Q	-1	-2	-3	-2	-2	-1	-3	-2	-1	-3	0	-1	-1	0	6	0	1	1	0	2	
726	A	726-A	4	0	-1	-1	0	-1	-2	-2	-1	-1	1	0	-2	-2	-1	-2	-1	-1	-2	-1	
727	D	727-D	-2	-1	-3	-3	-3	-3	-3	-4	-1	-3	0	-1	-3	1	0	-1	-1	-2	6	1	
728	I	728-I	-1	-3	4	1	2	1	0	-2	-2	-1	-2	-1	-1	-3	-3	-3	-2	-3	-3	-3	
729	C	729-C	-1	-2	-1	-1	-1	-1	-2	-2	-2	9	-1	-1	-2	-2	-3	-3	-3	-3	-3	-3	
730	L	730-L	-1	-3	1	4	1	2	0	-2	-2	-1	-2	-1	-1	-3	-2	-3	-2	-2	-3	-3	
731	H	731-H	-2	-2	-3	-3	-3	-2	-1	-2	-2	-3	-1	-2	1	0	0	8	-1	0	-1	0	
732	L	732-L	-1	-3	1	4	1	2	0	-2	-2	-1	-2	-1	-1	-3	-2	-3	-2	-2	-3	-3	
733	N	733-N	-2	-1	-3	-3	-3	-2	-3	-3	-2	-3	0	0	-2	6	0	1	0	-1	1	0	
734	R	734-R	-1	-2	-3	-2	-2	-1	-3	-2	-2	-3	-1	-1	-2	0	2	0	2	5	-1	0	
735	S	735-S	1	-1	-1	-2	-1	-1	-2	-3	-1	-1	3	4	-2	1	0	-1	-1	-1	-1	-1	
736	L	736-L	-1	-3	1	4	1	2	0	-2	-3	-1	-2	-1	-1	-3	-2	-3	-2	-2	-3	-3	
737	L	737-L	-1	-3	1	4	1	2	0	-2	-3	-1	-2	-1	-1	-3	-2	-3	-2	-2	-3	-3	
738	Q	738-Q	-1	-2	-3	-2	-2	-1	-3	-2	-1	-3	0	-1	-2	0	6	1	1	1	0	2	
739	H	739-H	-2	-1	-3	-3	-3	-2	-3	-3	-2	-3	0	-1	0	5	0	5	-1	-1	1	0	
740	C	740-C	-1	-3	-2	-2	-1	-2	-3	-3	-3	9	-1	-1	-3	-3	-3	-3	-3	-4	-4	-4	
741	K	741-K	-1	-2	-3	-3	-2	-2	-3	-3	-1	-3	0	-1	-2	0	1	-1	5	2	-1	1	
742	P	742-P	3	-1	-2	-2	-1	-2	-3	-3	6	-1	0	-1	-2	-2	-1	-2	-1	-2	-2	-1	
743	F	743-F	-2	-3	0	0	-1	0	7	1	-4	-3	-3	-2	3	-3	-3	-1	-3	-3	-4	-3	
744	R	744-R	-1	-2	-3	-2	-3	-2	-3	-3	-2	-3	-1	-1	-2	0	1	-1	4	5	-1	0	
745	G	745-G	0	6	-4	-4	-3	-3	-3	-3	-2	-3	0	-2	-3	-1	-2	-2	-2	-3	-2	-2	
746	A	746-A	4	0	-2	-2	-1	-1	-2	-3	-1	0	3	0	-2	-1	-1	-2	-1	-1	-1	-1	
747	T	747-T	0	-1	-1	-2	-1	-1	-2	-3	-1	-1	3	4	-2	0	-1	-2	-1	-1	-1	-1	
748	K	748-K	-1	-2	-3	-3	-3	-2	-3	-3	-1	-3	0	-1	-2	0	1	-1	5	2	-1	1	
749	G	749-G	0	6	-4	-4	-3	-3	-3	-3	-2	-3	0	-2	-3	-1	-2	-2	-2	-3	-2	-2	
750	C	750-C	-1	-3	-2	-2	-1	-2	-3	-3	-3	10	-1	-1	-3	-3	-3	-3	-3	-4	-4	-4	
751	L	751-L	-2	-4	2	4	1	2	0	-2	-3	-1	-3	-1	-1	-4	-2	-3	-3	-2	-4	-3	
752	R	752-R	-2	-3	-3	-2	-3	-2	-3	-3	-2	-4	-1	-1	-2	-1	1	0	2	6	-2	0	
753	A	753-A	4	0	-2	-2	0	-1	-2	-3	-1	-1	1	0	-2	-2	-1	-2	-1	-2	-2	-1	
754	L	754-L	-2	-4	2	4	1	2	0	-2	-3	-1	-3	-1	-1	-4	-2	-3	-3	-2	-4	-3	
755	A	755-A	4	0	-2	-2	0	-1	-2	-3	-1	-1	1	0	-2	-2	-1	-2	-1	-2	-2	-1	
756	M	756-M	-1	-3	1	2	1	7	0	-2	-3	-2	-2	-1	-1	-3	-1	-2	-2	-2	-3	-2	
757	K	757-K	-1	-2	-3	-3	-3	-2	-3	-3	-1	-3	0	-1	-2	0	1	-1	5	3	-1	1	
758	F	758-F	-3	-3	0	0	-1	0	7	1	-4	-3	-3	-2	3	-3	-4	-1	-3	-3	-4	-4	
759	K	759-K	-1	-2	-3	-3	-3	-2	-3	-3	-1	-3	0	-1	-2	0	1	-1	5	2	-1	1	
760	T	760-T	0	-2	-1	-1	0	-1	-2	-3	-1	-1	1	5	-2	0	-1	-2	-1	-1	-1	-1	
761	T	761-T	0	-2	-1	-1	0	-1	-2	-3	-1	-1	1	5	-2	0	-1	-2	-1	-1	-1	-1	
762	H	762-H	-2	-2	-4	-3	-4	-2	-2	-3	-3	-3	-1	-2	2	0	0	8	-1	0	-1	0	
763	A	763-A	4	0	-2	-2	0	-1	-2	-3	-1	-1	1	0	-2	-2	-1	-2	-1	-2	-2	-1	
764	P	764-P	-1	-2	-3	-3	-3	-3	-4	-4	8	-3	-1	-1	-3	-2	-2	-2	-1	-2	-2	-1	
765	P	765-P	-1	-2	-3	-3	-3	-3	-4	-4	8	-3	-1	-1	-3	-2	-2	-2	-1	-2	-2	-1	
766	G	766-G	0	6	-4	-4	-3	-3	-3	-3	-2	-3	0	-2	-3	-1	-2	-2	-2	-3	-2	-2	
767	D	767-D	-2	-2	-4	-4	-4	-3	-4	-5	-2	-4	0	-1	-3	1	0	-1	-1	-2	6	1	
768	T	768-T	0	-2	-1	-1	0	-1	-2	-3	-1	-1	1	5	-2	0	-1	-2	-1	-1	-1	-1	
769	L	769-L	-2	-4	2	4	1	2	0	-2	-3	-1	-3	-1	-1	-4	-2	-3	-3	-2	-4	-3	
770	V	770-V	0	-3	3	1	4	1	-1	-3	-3	-1	-2	0	-1	-3	-2	-3	-3	-3	-4	-3	
771	H	771-H	-2	-2	-4	-3	-4	-2	-2	-3	-3	-3	-1	-2	2	0	0	8	-1	0	-1	0	
772	A	772-A	4	0	-1	-1	0	-1	-2	-2	-1	4	1	0	-1	-2	-1	-2	-1	-2	-2	-1	
773	G	773-G	0	6	-4	-4	-3	-3	-3	-3	-2	-3	0	-2	-3	-1	-2	-2	-2	-3	-2	-2	
774	D	774-D	-2	-2	-4	-4	-4	-3	-4	-5	-2	-4	0	-1	-3	1	0	-1	-1	-2	6	1	
775	L	775-L	-1	-4	2	2	3	1	0	-3	-3	-1	-2	-1	-1	-3	-2	-3	-3	-3	-4	-3	
776	L	776-L	-2	-4	2	4	1	2	0	-2	-3	-1	-3	-1	-1	-4	-2	-3	-3	-2	-4	-3	
777	T	777-T	0	-2	-1	-2	0	-1	-2	-3	-1	-1	2	5	-2	0	-1	-2	-1	-1	-1	-1	
778	A	778-A	4	0	-2	-2	0	-1	-2	-3	-1	-1	1	0	-2	-2	-1	-2	-1	-2	-2	-1	
779	L	779-L	-2	-4	2	4	1	2	0	-2	-3	-1	-3	-1	-1	-4	-2	-3	-3	-2	-4	-3	
780	Y	780-Y	-2	-3	-2	-1	-1	-1	3	2	-3	-3	-2	-2	7	-2	-2	2	-2	-2	-3	-2	
781	F	781-F	-3	-3	0	0	-1	0	7	1	-4	-3	-3	-2	3	-3	-4	-1	-3	-3	-4	-4	
782	I	782-I	-1	-4	4	2	3	1	0	-3	-3	-1	-3	-1	-1	-4	-3	-4	-3	-3	-4	-3	
783	S	783-S	1	0	-3	-3	-2	-2	-3	-3	-1	-1	5	1	-2	0	0	-1	0	-1	0	0	
784	R	784-R	-2	-3	-3	-2	-3	-2	-3	-3	-2	-4	-1	-1	-2	-1	1	0	2	6	-2	0	
785	G	785-G	0	6	-4	-4	-3	-3	-3	-3	-2	-3	0	-2	-3	-1	-2	-2	-2	-3	-2	-2	
786	S	786-S	1	0	-3	-3	-2	-2	-3	-3	-1	-1	5	1	-2	0	0	-1	0	-1	0	0	
787	I	787-I	-2	-4	5	1	3	1	0	-3	-3	-1	-3	-1	-2	-4	-3	-4	-3	-3	-3	-4	
788	E	788-E	-1	-2	-4	-3	-3	-2	-4	-3	-1	-4	0	-1	-2	0	2	0	1	0	1	6	
789	I	789-I	-2	-4	5	1	3	1	0	-3	-3	-1	-3	-1	-2	-4	-3	-4	-3	-3	-3	-4	
790	L	790-L	-2	-4	2	4	1	2	0	-2	-3	-1	-3	-1	-1	-4	-2	-3	-3	-2	-4	-3	
791	R	791-R	-1	-2	-3	-2	-3	-2	-3	-3	-2	-4	-1	-1	-2	-1	1	0	3	6	-2	0	
792	G	792-G	0	5	-4	-4	-3	-3	-3	-3	-2	-3	0	-1	-3	0	-1	-2	-1	-2	1	0	
793	D	793-D	-2	-2	-4	-4	-4	-3	-4	-5	-2	-4	0	-1	-3	1	0	-1	-1	-2	6	1	
794	V	794-V	-1	-4	3	1	4	1	-1	-3	-3	-1	-2	0	-1	-3	-3	-3	-3	-3	-3	-3	
795	V	795-V	0	-3	3	1	4	1	-1	-3	-3	-1	-2	0	-1	-3	-2	-3	-3	-3	-4	-3	
796	V	796-V	0	-3	3	1	4	1	-1	-3	-3	-1	-2	0	-1	-3	-2	-3	-3	-3	-4	-3	
797	A	797-A	4	0	-2	-2	0	-1	-2	-3	-1	-1	1	0	-2	-2	-1	-2	-1	-2	-2	-1	
798	I	798-I	-2	-4	5	1	3	1	0	-3	-3	-1	-3	-1	-2	-4	-3	-4	-3	-3	-3	-4	
799	L	799-L	-2	-4	2	4	1	2	0	-2	-3	-1	-3	-1	-1	-4	-2	-3	-3	-2	-4	-3	
800	G	800-G	0	6	-4	-4	-3	-3	-3	-3	-2	-3	0	-2	-3	-1	-2	-2	-2	-3	-2	-2	
801	K	801-K	-1	-2	-3	-3	-3	-2	-3	-3	-1	-3	0	-1	-2	0	1	-1	5	2	-1	1	
802	N	802-N	-2	-1	-4	-4	-3	-2	-3	-4	-2	-3	0	0	-2	6	0	0	0	-1	1	0	
803	D	803-D	-2	-2	-4	-4	-4	-3	-4	-5	-2	-4	0	-1	-3	1	0	-1	-1	-2	6	1	
804	I	804-I	-1	-4	5	1	3	1	0	-3	-3	-1	-2	0	-2	-3	-3	-4	-3	-3	-3	-3	
805	F	805-F	-3	-3	0	0	-1	0	7	1	-4	-3	-3	-2	3	-3	-4	-1	-3	-3	-4	-4	
806	G	806-G	0	6	-4	-4	-3	-3	-3	-3	-2	-3	0	-2	-3	-1	-2	-2	-2	-3	-2	-2	
807	E	807-E	-1	-2	-4	-3	-3	-2	-4	-3	-1	-4	0	-1	-2	0	2	0	1	0	1	6	
808	P	808-P	-1	-3	-2	-1	-2	2	-3	-4	7	-3	-1	-1	-3	-2	-1	-2	-1	-2	-2	-1	
809	L	809-L	-1	-4	3	3	2	2	0	-2	-3	-1	-2	-1	-1	-4	-3	-3	-3	-3	-4	-3	
810	N	810-N	-2	-1	-4	-4	-3	-2	-3	-4	-2	-3	1	0	-1	6	0	4	0	-1	1	0	
811	L	811-L	-2	-4	1	4	1	2	0	-2	-3	-1	-2	-1	-1	-4	-2	-3	-3	-2	-4	-3	
812	Y	812-Y	-2	-3	-2	-1	-2	-1	3	2	-3	-3	-2	-2	7	-2	-2	3	-2	-2	-3	-2	
813	A	813-A	4	0	-2	-2	0	-1	-3	-3	0	-1	1	0	-2	-2	-1	-1	-1	-2	-2	-1	
814	R	814-R	-1	-2	-3	-2	-3	-2	-3	-3	-2	-1	-1	-1	-2	-1	1	0	3	6	-2	0	
815	P	815-P	-1	-2	-3	-3	-3	-3	-4	-4	8	-3	-1	-1	-3	-2	-2	-2	-1	-2	-2	-1	
816	G	816-G	0	6	-4	-4	-3	-3	-3	-3	-2	-3	0	-2	-3	-1	-2	-2	-2	-3	-2	-2	
817	K	817-K	-1	-2	-3	-3	-3	-2	-3	-3	-1	-3	0	-1	-2	0	1	-1	5	2	-1	1	
818	S	818-S	1	0	-3	-3	-2	-2	-3	-3	-1	0	4	1	-2	0	0	-1	0	-1	0	0	
819	N	819-N	-1	-1	-3	-4	-3	-2	-3	-4	-2	-3	1	0	-2	6	0	0	0	0	1	0	
820	G	820-G	4	3	-2	-2	-1	-2	-3	-3	-1	-1	1	0	-2	-1	-1	-2	-1	-2	-2	-1	
821	D	821-D	-2	-2	-3	-4	-4	-3	-4	-5	-2	-4	0	-1	-3	1	0	-1	-1	-2	6	2	
822	V	822-V	0	-3	3	1	4	1	-1	-3	-3	-1	-2	0	-1	-3	-2	-3	-3	-3	-4	-3	
823	R	823-R	-2	-3	-3	-2	-3	-2	-3	-3	-2	-4	-1	-1	-2	-1	1	0	2	6	-2	0	
824	A	824-A	4	0	-2	-2	0	-1	-2	-3	-1	-1	1	0	-2	-2	-1	-2	-1	-2	-2	-1	
825	L	825-L	-2	-4	2	4	1	2	0	-2	-3	-1	-3	-1	-1	-4	-2	-3	-3	-2	-4	-3	
826	T	826-T	0	-2	-1	-1	0	-1	-2	-3	-1	-1	1	5	-2	0	-1	-2	-1	-1	-1	-1	
827	Y	827-Y	-2	-3	-2	-1	-1	-1	3	2	-3	-3	-2	-2	7	-2	-2	2	-2	-2	-3	-2	
828	C	828-C	-1	-3	-2	-2	-1	-2	-3	-3	-3	10	-1	-1	-3	-3	-3	-3	-3	-4	-4	-4	
829	D	829-D	-2	-2	-4	-4	-4	-3	-4	-5	-2	-4	0	-1	-3	1	0	-1	-1	-2	6	1	
830	L	830-L	-2	-4	2	4	1	2	0	-2	-3	-1	-3	-1	-1	-4	-2	-3	-3	-2	-4	-3	
831	H	831-H	-2	-2	-4	-3	-4	-2	-2	-3	-3	-3	-1	-2	2	0	0	8	-1	0	-1	0	
832	K	832-K	-1	-2	-3	-3	-3	-2	-3	-3	-1	-3	0	-1	-2	0	1	-1	5	2	-1	1	
833	I	833-I	-2	-4	5	1	3	1	0	-3	-3	-1	-3	-1	-2	-4	-3	-4	-3	-3	-3	-4	
834	H	834-H	-2	-2	-2	-1	-2	-1	0	-2	-2	-3	-1	-2	1	0	3	7	0	0	-1	0	
835	R	835-R	-2	-3	-3	-2	-3	-2	-3	-3	-2	-4	-1	-1	-2	-1	1	0	2	6	-2	0	
836	D	836-D	-1	-2	-3	-3	-3	-3	-4	-4	-1	-4	0	-1	-3	0	1	-1	0	-1	4	4	
837	D	837-D	-2	-2	-3	-4	-4	-3	-4	-5	-2	-4	0	-1	-3	1	0	-1	-1	-2	6	2	
838	L	838-L	-1	-4	2	3	2	2	0	-2	-3	-1	-2	-1	-1	-3	-2	-3	-3	-2	-4	-3	
839	L	839-L	-2	-4	2	4	1	2	0	-2	-3	-1	-3	-1	-1	-4	-2	-3	-3	-2	-4	-3	
840	E	840-E	-1	-2	-4	-3	-3	-2	-4	-3	-1	-4	0	-1	-2	0	2	0	1	0	1	6	
841	V	841-V	0	-3	3	1	4	1	-1	-3	-3	-1	-2	0	-1	-3	-2	-3	-3	-3	-4	-3	
842	L	842-L	-2	-4	2	4	1	2	0	-2	-3	-1	-3	-1	-1	-4	-2	-3	-3	-2	-4	-3	
843	D	843-D	-2	-2	-3	-4	-3	-3	-4	-5	-2	-4	0	-1	-3	1	0	-1	-1	-2	6	2	
844	M	844-M	-1	-3	1	2	1	7	0	-2	-3	-2	-2	-1	-1	-3	-1	-2	-2	-2	-3	-2	
845	Y	845-Y	-2	-3	-2	-1	-1	-1	3	2	-3	-3	-2	-2	7	-2	-2	2	-2	-2	-3	-2	
846	P	846-P	-1	-2	-3	-3	-3	-3	-4	-4	8	-3	-1	-1	-3	-2	-2	-2	-1	-2	-2	-1	
847	E	847-E	-1	-2	-3	-3	-3	-2	-4	-3	-1	-4	0	-1	-2	0	2	0	1	0	1	5	
848	F	848-F	-3	-3	0	0	-1	0	7	1	-4	-3	-3	-2	3	-3	-4	-1	-3	-3	-4	-4	
849	S	849-S	2	0	-2	-3	-2	-2	-3	-3	-1	-1	4	1	-2	0	0	-1	0	-1	-1	0	
850	D	850-D	-2	-2	-3	-4	-3	-3	-4	-5	-2	-4	0	-1	-3	1	0	-1	-1	-2	6	2	
851	H	851-H	-2	-2	-3	-2	-3	-1	0	-1	-3	-3	-1	-2	3	1	0	7	-1	0	-2	-1	
852	F	852-F	-3	-3	0	0	-1	0	7	1	-4	-3	-3	-2	3	-3	-4	-1	-3	-3	-4	-4	
853	W	853-W	-3	-3	-2	0	-2	-1	1	11	-4	-2	-3	-3	2	-4	-2	-3	-3	-3	-5	-3	
854	S	854-S	1	1	-2	-2	-2	-1	-3	-3	-1	-1	3	2	-2	2	0	-1	-1	-1	0	-1	
855	S	855-S	0	-1	-3	-3	-3	-2	-3	-4	-2	-2	3	1	-2	5	0	0	0	-1	1	0	
856	L	856-L	-2	-4	2	4	1	2	0	-2	-3	-1	-3	-1	-1	-4	-2	-3	-3	-2	-4	-3	
857	E	857-E	-1	-2	-4	-3	-3	-2	-4	-3	-1	-4	0	-1	-2	0	2	0	1	0	1	6	
858	I	858-I	-2	-4	4	2	2	1	0	-3	-3	-1	-3	-1	-1	-4	-3	-3	-3	-3	-4	-3	
859	T	859-T	0	-2	-1	-1	0	-1	-2	-3	-1	-1	1	5	-2	0	-1	-2	-1	-1	-1	-1	
860	F	860-F	-3	-3	0	0	-1	0	7	1	-4	-3	-3	-2	3	-3	-4	-1	-3	-3	-4	-4	
861	N	861-N	-2	-1	-4	-4	-3	-2	-3	-4	-2	-3	0	0	-2	6	0	0	0	-1	2	0	
862	L	862-L	-2	-4	2	4	1	2	0	-2	-3	-1	-3	-1	-1	-4	-2	-3	-3	-2	-4	-3	
863	R	863-R	-2	-3	-3	-2	-3	-2	-3	-3	-2	-4	-1	-1	-2	-1	1	0	2	6	-2	0	
864	D	864-D	-2	-2	-3	-4	-3	-3	-4	-4	-2	-4	0	-1	-3	1	0	0	0	-1	6	1	
865	T	865-T	1	-1	-1	-1	0	-1	-2	-3	-1	-1	1	4	-2	0	-1	-1	-1	-1	-1	-1	
866	N	866-N	-1	-1	-3	-4	-3	-3	-3	-4	-2	-3	1	0	-3	6	0	0	-1	-1	3	0	
867	M	867-M	-1	-3	1	2	0	6	0	-2	-2	-2	-1	1	-1	-2	-1	-2	-2	-2	-3	-2	
868	I	868-I	-1	-3	4	2	2	1	0	-3	-3	-1	-2	-1	-1	-3	-2	-3	-1	-2	-3	-3	
869	P	869-P	0	-2	-1	-1	-1	-1	-3	-3	7	-2	-1	-1	-3	-2	-1	-2	-1	-2	-2	-1	
870	G	870-G	0	5	-4	-3	-3	-3	-3	-1	-2	-3	0	-1	-3	-1	-1	-2	0	2	-1	-2	
871	S	871-S	1	0	-3	-2	-2	-2	-2	-3	-1	-1	5	1	-2	0	0	-1	-1	-1	-1	0	
872	P	872-P	-1	-2	-2	-2	-2	0	-3	-3	7	-3	-1	-1	-3	-2	2	-2	-1	-1	-1	0	
873	G	873-G	0	3	-3	-2	-2	-2	-3	-3	0	-2	3	1	-2	0	0	-1	-1	-1	0	0	
874	S	874-S	1	-1	-1	-2	-1	0	-2	-3	-1	-1	4	2	-2	1	0	-1	-1	-1	0	0	
875	T	875-T	1	0	-3	-3	-2	-2	-3	-3	-1	-2	0	1	-2	3	0	-1	0	-1	4	2	
876	E	876-E	-1	-2	-3	-3	-3	-3	-4	-4	0	-4	0	-1	-3	1	1	-1	0	-1	5	4	
877	L	877-L	0	-2	0	2	-1	1	-1	-2	-2	-1	3	1	0	-1	0	-1	-1	-1	-1	-1	
878	E	878-E	-1	-1	-3	-3	-3	-3	-3	-4	-2	-3	0	-1	-3	2	1	0	0	-1	4	3	
879	G	879-G	0	5	-3	-3	-2	-2	-3	-3	-2	3	1	-1	-2	-1	-1	0	-1	-2	-1	-1	
880	G	880-G	0	5	-3	-3	-2	-3	-3	-3	-1	-1	0	-1	-3	0	-1	-2	-1	-2	2	0	
881	F	881-F	-2	-2	-1	0	-1	0	6	0	-3	-1	-1	-1	2	1	-2	0	-2	-2	-2	-2	
882	S	882-S	-1	0	-3	-2	-2	-2	-3	-3	-1	4	1	0	-2	5	-1	1	-1	0	1	-1	
883	R	883-R	-1	-2	-3	-3	-3	-2	-3	-3	-2	-3	-1	-1	-2	0	1	1	4	5	-1	0	
884	Q	884-Q	-1	-2	0	3	0	1	-1	-2	-2	-2	-1	-1	-1	-2	2	2	-1	-1	-1	-1	
885	R	885-R	-2	-3	-3	-2	-3	-2	-3	-3	-2	-4	-1	-1	-2	0	1	2	2	6	-2	0	
886	K	886-K	-1	-2	-3	-2	-3	-2	-3	-3	-2	-3	-1	-1	-2	0	1	-1	3	5	-1	0	
887	R	887-R	-1	-2	-3	-2	-3	-2	-3	-3	-2	-4	-1	-1	-2	-1	1	0	2	6	-2	0	
888	K	888-K	-1	-2	-3	-3	-3	-2	-2	-3	-1	-3	0	-1	-2	0	1	-1	5	3	-1	1	
889	L	889-L	-1	-4	1	4	1	2	1	-2	-3	-2	-2	-1	-1	-3	-2	0	-2	-2	-4	-3	
890	S	890-S	1	-1	-2	-2	-2	-2	-1	-3	-1	-1	4	1	-1	0	0	-1	0	-1	-1	0	
891	F	891-F	-2	-3	0	1	-1	0	6	1	-3	-2	-2	-2	3	-3	-3	-2	-3	-3	-3	-3	
892	R	892-R	-1	-2	-3	-2	-2	-2	-2	-3	-1	0	0	-1	-2	0	1	-1	2	5	0	1	
893	R	893-R	-1	-2	-3	-2	-2	-1	-2	-3	-2	0	1	-1	-2	0	1	0	1	5	-1	0	
894	R	894-R	-1	-2	-3	-2	-2	-1	-3	-3	-1	-3	0	-1	-2	0	1	0	2	5	0	2	
895	T	895-T	0	0	0	-1	0	-1	-2	-3	1	-1	1	4	-2	0	-1	-2	-1	0	-1	-1	
896	D	896-D	-1	-2	-3	-3	-3	-3	-3	-3	-1	-4	0	-1	-3	1	1	-1	0	-1	5	4	
897	K	897-K	-1	-2	-3	-3	-2	-2	-3	-3	0	-3	0	0	-2	0	1	-1	5	2	-1	0	
898	D	898-D	-2	0	-3	-4	-3	-3	-4	-4	-2	-4	-1	-1	-3	1	0	-1	-1	-2	6	1	
899	T	899-T	0	-1	-2	-2	-1	-2	0	-2	3	-1	0	1	0	0	-1	-1	-1	-2	3	0	
900	E	900-E	1	-1	-2	-2	-2	-2	-1	-3	0	-2	0	0	-2	-1	1	-1	0	0	1	4	
901	Q	901-Q	0	-1	-3	-3	-2	-1	-3	-3	0	-3	0	-1	-2	1	3	0	2	0	3	1	
902	P	902-P	2	0	-2	-2	-1	-1	-2	-2	5	-2	0	0	-1	-1	0	-1	0	-1	-1	0	
903	G	903-G	0	5	-3	-3	-3	-2	-3	-2	-1	-2	0	-1	-2	1	-1	-1	-1	-1	0	-1	
904	E	904-E	-1	-2	-3	-3	-2	-2	-3	-3	-1	-3	0	-1	-2	1	2	0	1	0	2	5	
905	V	905-V	0	-1	2	0	2	0	-1	-2	-1	-1	0	0	0	0	0	-1	-1	0	-2	-1	
906	S	906-S	0	-1	-2	-2	-2	-1	-2	-2	-1	-2	3	1	-1	1	0	1	2	1	0	0	
907	A	907-A	2	0	-1	-1	0	0	-2	-2	0	-1	1	1	-1	0	0	-1	1	0	0	0	
908	L	908-L	-1	-2	0	2	0	1	0	-2	0	-1	0	0	-1	0	0	0	-1	0	-1	-1	
909	G	909-G	0	3	-3	-3	-2	-2	-2	-2	-1	-2	0	0	-2	0	0	2	1	1	1	0	
910	P	910-P	-1	-2	-2	-2	-2	-2	-2	-3	6	-3	0	-1	-2	0	0	-2	1	0	0	0	
911	G	911-G	0	3	-2	-2	-1	-1	-2	-3	-1	-2	1	0	-2	0	1	-1	0	0	0	1	
912	R	912-R	-1	-1	-3	-2	-2	-2	-3	-3	0	-3	-1	-1	-2	0	1	0	2	5	1	1	
913	A	913-A	1	0	-1	-1	0	-1	-2	-3	-1	-2	1	0	-2	0	1	-1	1	1	-1	1	
914	G	914-G	1	4	-2	-2	-1	-2	-2	-3	-1	1	0	0	-1	1	0	1	-1	-1	-1	-1	
915	A	915-A	2	0	-2	-2	-1	-1	-2	-1	0	-2	1	0	-2	0	1	0	0	1	1	1	
916	G	916-G	1	3	-2	-2	-2	-1	-3	-3	-1	-2	1	1	-2	1	0	-1	0	0	0	0	
917	P	917-P	0	-2	-1	-1	-1	-1	-2	-3	5	-1	0	0	-1	1	1	-1	0	-1	-1	0	
918	S	918-S	0	0	-2	-2	-1	-1	-2	-3	-1	-1	2	1	-2	1	1	-1	1	2	0	0	
919	S	919-S	0	1	-2	-2	-2	-2	-2	-1	-2	1	2	0	0	0	1	2	0	1	0	0	
920	R	920-R	-1	-2	-2	-2	-2	-1	-1	0	-1	-3	0	-1	2	0	1	1	1	4	-1	1	
921	G	921-G	0	3	-2	-2	-1	-2	-3	-3	0	-1	0	0	-2	1	2	0	0	-1	1	1	
922	R	922-R	0	-1	-2	-2	-2	-1	-3	-1	-1	-1	1	-1	-1	0	2	1	1	4	-1	1	
923	P	923-P	0	0	-1	-2	-1	-1	-3	-3	5	-2	1	0	-2	0	1	-1	0	0	-1	0	
924	G	924-G	0	3	-3	-2	-2	-2	-3	-2	-1	-1	0	-1	-2	0	1	0	2	0	0	0	
925	G	925-G	1	4	-3	-3	-2	-2	-3	-2	-1	-1	0	0	-2	0	0	-1	1	0	0	0	
926	P	926-P	-1	-2	-3	-3	-2	-1	-3	-3	5	-2	-1	-1	-1	0	2	4	0	0	0	1	
927	W	927-W	-1	-1	-2	-1	-2	-2	3	10	-3	-3	-1	-2	1	0	-2	0	-2	-1	-3	-2	
928	G	928-G	0	3	-3	-3	-2	-2	-2	-1	0	-3	0	0	-2	0	0	0	0	-1	2	3	
929	E	929-E	0	0	-3	-3	-2	-2	-3	2	1	-3	0	-1	-2	-1	1	-1	0	0	1	4	
930	S	930-S	0	-1	-2	-2	-2	-2	-2	-3	0	0	2	1	-2	1	0	2	2	0	0	1	
931	P	931-P	-1	-1	-1	-1	-1	-2	-3	-3	5	-2	0	-1	-2	-1	1	1	2	1	-1	0	
932	S	932-S	0	-1	-2	-2	-1	-1	-1	0	1	-1	4	0	-2	1	-1	-1	0	0	-1	-1	
933	S	933-S	0	0	-3	-2	-2	-2	-3	-3	-1	-2	4	1	-2	0	0	0	0	2	-1	-1	
934	G	934-G	0	3	-1	-2	0	-2	-1	-3	0	0	2	1	-1	0	-1	-2	-1	-2	-1	-1	
935	P	935-P	0	-1	-3	-3	-2	-2	-3	-3	5	-1	3	0	0	-1	0	0	-1	-2	0	-1	
936	S	936-S	1	-1	-2	-2	-1	-2	-3	-3	1	-2	4	1	-2	0	0	-2	-1	-1	0	0	
937	S	937-S	0	-1	-2	-2	-2	-2	2	-2	2	2	3	0	0	-1	-1	2	-1	-1	-2	-1	
938	P	938-P	0	-1	1	-1	0	-1	-1	-1	5	-1	2	0	-2	-1	-1	-2	0	-1	-1	-1	
939	E	939-E	0	-2	-3	-3	-2	-2	-3	-3	0	-1	3	0	-1	0	1	2	0	-1	1	3	
940	S	940-S	1	0	-3	-3	-2	-2	-3	-3	0	-2	4	0	-2	0	1	1	-1	-1	0	0	
941	S	941-S	0	0	1	-1	-1	-1	-2	-3	-1	-2	3	0	-2	0	-1	0	-1	-2	2	0	
942	E	942-E	-1	1	-3	-3	-3	-3	-3	-3	-2	-4	0	-1	-1	0	0	1	0	-1	3	4	
943	D	943-D	-2	-1	-4	-4	-3	-3	-4	-2	-1	-4	0	-1	-3	0	0	-1	-1	-1	6	2	
944	E	944-E	-2	-2	-3	-2	-3	0	-3	-3	-1	-4	0	-1	-3	-1	2	-1	0	0	1	5	
945	G	945-G	0	4	-2	-2	-2	-2	-2	-2	0	-2	0	0	-2	-1	1	0	0	-1	0	1	
946	P	946-P	0	-2	-2	-2	-2	-2	-3	-3	6	-2	1	0	-2	-1	0	0	1	-1	0	1	
947	G	947-G	1	4	-2	-2	0	-2	-2	-2	1	-2	0	0	-2	-1	-1	0	-1	-1	-1	0	
948	R	948-R	-1	-2	-1	0	-1	-1	-2	-2	2	-2	0	0	-1	-1	1	1	1	3	-1	1	
949	S	949-S	1	0	-1	-1	0	-1	-1	-2	1	-1	2	2	-2	0	0	-1	-1	-1	0	0	
950	S	950-S	1	0	-2	-2	-1	-2	-2	-3	1	0	3	1	-2	0	1	0	-1	-1	1	0	
951	S	951-S	0	0	-2	-1	-1	-1	-2	-3	1	0	3	1	-1	0	0	-1	1	0	-1	0	
952	P	952-P	0	-1	-1	-2	-1	-2	-3	-3	7	-2	0	0	-3	-2	-1	-2	-1	-2	-1	-1	
953	L	953-L	0	-2	0	2	0	1	0	-2	0	-1	0	1	-1	-1	-1	-2	-1	-1	-2	-1	
954	R	954-R	0	-1	-1	-1	-1	0	0	-2	1	-2	1	0	-1	-1	0	0	1	3	-1	0	
955	L	955-L	0	-1	1	3	1	1	0	-2	-1	-1	-1	-1	-1	-2	-2	-2	-2	-2	-2	-2	
956	V	956-V	0	0	1	1	2	0	0	-2	-1	-1	0	0	-1	-1	-1	-2	-1	-1	-1	0	
957	P	957-P	-1	-1	-1	-2	-2	-1	-2	-3	6	-1	0	-1	-2	-1	-1	-2	0	-2	1	1	
958	F	958-F	-1	-1	0	1	0	0	5	0	-2	-1	-1	-1	2	-2	-1	-1	-2	-2	-2	-1	
959	S	959-S	0	0	-2	-2	-2	-2	-2	-3	2	-1	3	1	-2	0	0	0	0	0	0	0	
960	S	960-S	1	0	-2	-2	-2	-1	-3	-3	0	0	3	1	-2	1	2	-1	0	-1	0	0	
961	P	961-P	1	-2	-1	-1	-1	-1	-2	-4	6	-3	1	0	-3	-2	-2	-3	-1	-2	1	-1	
962	R	962-R	0	-3	-3	-1	-2	-1	-3	-3	0	-3	0	0	0	-1	2	4	1	3	-1	0	
963	P	963-P	0	1	0	-2	-2	-2	0	-3	4	1	-1	1	-2	-1	-1	-1	0	-2	-1	0	
964	P	964-P	-2	-2	-1	-2	0	1	-2	-4	5	-3	1	1	-3	0	0	1	0	-2	1	1	
965	G	965-G	1	4	-3	-1	-2	-2	-3	-4	-3	-3	1	0	-3	0	-1	0	-2	-1	0	0	
966	E	966-E	-1	-2	0	-1	-1	1	0	-3	0	-3	0	2	-2	0	0	1	1	-1	1	2	
967	P	967-P	1	-1	-1	-1	0	-1	-2	-3	3	-2	1	0	0	1	-1	0	-1	-1	-2	1	
968	P	968-P	0	-1	-2	-1	-1	0	0	-3	5	-3	-1	1	-3	-1	-1	0	0	-2	0	0	
969	G	969-G	1	3	-3	-1	-2	-1	-1	-3	0	-3	1	0	-1	2	-1	0	-1	-1	0	0	
970	G	970-G	0	3	-1	-1	-1	-2	-1	-3	1	-2	1	0	-2	0	0	-1	-1	-1	0	0	
971	E	971-E	0	0	-2	-1	-2	-2	-3	-3	0	-3	0	1	-2	1	1	1	0	0	1	3	
972	P	972-P	0	-1	-1	-2	0	-2	-3	-3	3	-2	1	0	-2	0	1	-2	0	1	1	1	
973	L	973-L	0	-1	1	1	0	2	0	-2	1	-2	0	1	-1	-1	-1	0	-1	0	0	0	
974	M	974-M	0	1	1	0	0	2	1	-2	0	-2	-1	1	-1	-1	-1	1	-1	-1	0	0	
975	E	975-E	-2	-2	-1	-1	-1	-1	-3	-4	0	-4	-1	1	-3	0	0	0	-1	-2	2	4	
976	D	976-D	0	1	-2	-3	-1	-3	-3	-3	-2	-3	0	0	-3	1	0	1	0	-1	4	2	
977	C	977-C	0	0	0	-1	0	0	-1	-2	0	4	1	2	-1	0	-1	-2	-1	-2	1	0	
978	E	978-E	-1	-3	-3	-3	0	-1	-3	-3	1	-3	0	-1	-3	1	2	1	1	0	2	3	
979	K	979-K	-3	-3	-4	-3	-4	-1	-4	-4	1	-4	-1	-2	-4	0	2	1	5	2	-3	1	
980	S	980-S	0	1	-3	-1	-3	-2	-1	-3	-2	-3	2	3	0	1	-2	-2	0	2	-2	-1	
981	S	981-S	0	3	-4	-3	-2	-4	-2	-5	-3	-4	5	0	-4	-2	0	1	-1	-3	-3	-1	
982	D	982-D	-3	0	-5	-5	-4	-4	-4	-5	-1	-5	-1	-2	-1	5	0	4	-1	-3	4	2	
983	T	983-T	0	-3	-3	-2	-1	3	-4	-4	-3	-3	3	5	-4	-2	-2	-3	-2	1	-3	0	
984	C	984-C	-2	-5	-1	-1	0	-4	1	-5	-5	10	0	-2	-4	-1	-5	-5	-5	-2	-5	-5	
985	N	985-N	-3	0	-4	-5	-3	-4	-5	-5	-4	-4	-1	-1	-3	6	1	3	2	-1	0	-1	
986	P	986-P	3	-1	-2	-3	-3	-3	-4	-4	4	-3	0	-1	-3	-1	-2	-3	0	0	2	-1	
987	L	987-L	-3	-4	3	4	0	-1	-1	-3	-4	-3	-2	-1	1	-4	-3	-3	-2	0	-2	-4	
988	S	988-S	0	-1	-2	-4	-3	-4	-4	-5	-1	-3	6	2	-4	-2	-3	-3	-1	-3	0	-3	
989	G	989-G	1	2	-3	-2	-2	-2	-2	-3	-2	-2	0	-1	-1	2	0	3	0	2	2	0	
990	A	990-A	4	-1	-1	-2	-1	0	-2	-3	-2	-2	1	1	-2	-1	-1	-2	1	0	-2	-1	
991	F	991-F	-2	-3	0	0	-1	-1	5	-1	0	1	-1	-2	1	-2	-1	2	-1	2	-3	-2	
992	S	992-S	0	-1	-3	-1	-2	-2	-3	-3	-2	-2	5	0	-2	2	-1	1	1	-1	-1	-1	
993	G	993-G	-1	4	-3	-2	-2	-2	-2	4	0	-2	-1	-1	-2	0	-1	-2	-1	-2	2	-1	
994	V	994-V	-1	-3	3	0	4	0	-1	-2	-1	0	-1	-1	-2	-2	-2	-2	-1	-2	-2	0	
995	S	995-S	0	-1	-2	-2	-2	-2	-3	-3	1	-2	4	1	-2	-1	-1	-2	0	-1	0	1	
996	N	996-N	-2	-1	-3	-3	-3	-2	-3	-3	-1	-3	0	-1	-2	6	-1	1	0	-1	3	-1	
997	I	997-I	0	-1	4	0	1	2	-1	-2	-1	-2	-1	1	-2	-2	-2	-2	-2	-2	-1	-2	
998	F	998-F	-1	-1	0	0	-1	-1	6	-1	-2	-2	-1	-2	1	-2	0	-2	-2	1	-2	-2	
999	S	999-S	0	0	-2	-2	-2	-2	-2	-2	-1	-2	4	2	-2	1	-1	-1	0	-1	0	0	
1000	F	1000-F	-2	-2	-1	0	-1	-1	6	4	-1	-2	-2	-2	1	-2	0	-2	-1	-2	-1	-1	
1001	W	1001-W	-2	-4	-2	-3	-4	-3	-2	12	-1	-4	-4	-4	0	-4	-3	-4	-2	-2	-4	0	
1002	G	1002-G	-1	4	-2	-3	-3	-3	-4	-3	0	-3	0	-2	-3	-1	-1	-2	0	0	0	2	
1003	D	1003-D	-2	-1	-4	-4	-4	-3	-4	0	-2	-4	0	-2	-3	-1	2	-2	-1	-1	5	4	
1004	S	1004-S	0	-1	-3	-3	-2	-2	-3	2	-2	1	3	0	-2	2	0	-1	0	1	-1	2	
1005	R	1005-R	-1	-2	-3	-3	-3	-2	-3	-3	-2	-1	0	-1	-2	1	1	1	1	5	-1	0	
1006	G	1006-G	0	4	-1	-3	-2	-1	-3	-3	2	-2	1	-1	-3	0	0	-2	-1	-1	-2	0	
1007	R	1007-R	0	0	-3	-3	-3	-2	-3	-3	-2	-3	0	0	-2	0	2	3	1	5	-2	0	
1008	Q	1008-Q	-1	-2	-4	-2	-4	-2	-4	-4	-3	-4	-1	-1	-3	-1	6	3	-1	0	-1	2	
1009	Y	1009-Y	-2	-4	-2	0	-3	-2	0	0	1	-4	-2	-1	8	-3	0	2	-3	-3	-4	-2	
1010	Q	1010-Q	0	-3	-4	-4	-4	-3	-5	-4	1	-4	-2	-2	-2	1	7	-1	0	0	-1	0	
1011	E	1011-E	-1	-3	-5	-4	-4	-3	-5	-4	-2	-5	-2	-2	-4	-2	2	-2	-1	1	2	6	
1012	L	1012-L	-1	-3	1	3	3	1	-1	-3	1	0	-1	-1	-2	-3	-1	-3	-2	-3	-2	-1	
1013	P	1013-P	-1	-2	-3	-1	-3	-3	-4	-4	7	-4	0	-1	-4	-3	-1	-3	-2	-3	-2	1	
1014	R	1014-R	-1	-2	-3	-2	-2	-2	-1	2	0	-1	2	0	-2	-1	2	-1	0	4	0	-1	
1015	C	1015-C	-1	-1	-2	-3	-2	-2	-3	-3	2	8	1	-1	-2	-2	0	3	-2	0	-2	-2	
1016	P	1016-P	0	-2	0	-3	-2	-2	-3	-3	5	-1	3	1	-3	0	-1	0	-1	-1	-1	-1	
1017	A	1017-A	2	-1	-1	1	-1	0	-2	-3	0	-2	2	0	-2	-1	-1	-1	-1	0	-2	-1	
1018	P	1018-P	1	-1	-2	0	-1	-2	-3	1	5	-1	1	-1	-1	-2	-1	1	-2	-2	-2	-1	
1019	T	1019-T	1	-2	-1	0	1	-1	-2	-3	1	0	3	1	-1	-1	0	0	-1	-1	-2	-1	
1020	P	1020-P	-2	-3	-4	-3	-2	-3	-4	-4	7	-4	-1	-1	-3	-2	1	4	-2	0	-3	-1	
1021	S	1021-S	1	-1	-3	-3	-2	-3	-4	-4	5	-3	3	1	-3	-2	-2	2	-2	0	-2	-2	
1022	L	1022-L	1	-1	-1	0	0	0	-2	1	4	-2	1	0	-2	-1	0	0	-1	-2	0	-1	
1023	L	1023-L	0	-1	0	3	0	0	-1	2	1	-2	-1	1	-1	-2	-1	0	-1	0	-2	-2	
1024	N	1024-N	-2	1	-2	-3	-3	-2	-3	5	0	-3	0	0	-2	5	2	1	-1	-2	1	-1	
1025	I	1025-I	0	1	2	-1	1	-1	-2	-3	0	0	-1	2	0	0	-1	-2	-1	0	-2	-2	
1026	P	1026-P	0	-2	1	-2	1	-2	-3	-3	6	-3	0	-1	-3	-2	-2	-1	-2	-3	-1	-1	
1027	L	1027-L	0	-3	0	3	0	1	-1	-2	-2	3	-1	0	-2	-2	0	-1	-2	-2	-2	-1	
1028	S	1028-S	-1	-1	-3	-3	-3	-2	-3	-3	0	-3	2	-1	-1	0	0	6	-1	0	0	3	
1029	S	1029-S	0	0	-3	-3	-2	-2	-3	-3	-2	-1	4	3	-3	2	-1	-2	-1	-2	0	-1	
1030	P	1030-P	-1	-2	1	0	0	1	-2	-3	3	-2	-1	-1	-2	-1	-1	-2	-1	-2	1	2	
1031	G	1031-G	0	1	-3	-3	-2	-2	-1	-3	-2	2	4	2	-2	0	-1	-2	-1	-2	1	-1	
1032	R	1032-R	-1	-3	-4	-3	-3	-3	-3	-3	-2	2	-2	0	1	-1	0	1	0	5	3	0	
1033	R	1033-R	-2	-1	-1	1	-2	-1	0	4	-3	-3	-2	-2	0	-2	2	1	0	5	-3	-1	
1034	P	1034-P	-2	-3	0	-1	-1	-2	-3	-3	3	-3	0	2	-2	-2	5	2	0	-1	-2	-1	
1035	R	1035-R	-3	-4	-4	-3	-3	-3	-2	-2	-1	3	0	-2	5	-2	-1	-1	-1	6	-3	-2	
1036	G	1036-G	1	5	-3	-3	-3	-3	-4	-4	-3	0	3	0	-3	1	-2	-1	-2	-3	-2	-2	
1037	D	1037-D	-3	-4	-5	-5	-4	-4	-5	-5	-3	-5	-2	-3	-4	-1	4	0	-1	-2	3	6	
1038	V	1038-V	-2	-5	2	3	5	3	-2	-4	-4	-3	-4	-2	-3	-5	-4	-5	-4	-4	-5	-4	
1039	E	1039-E	0	-1	-5	-5	-4	-4	-5	-5	-3	-5	-2	-3	-4	-2	0	-2	-1	-2	3	6	
1040	S	1040-S	-1	-1	-4	-4	-3	-1	-4	-4	-3	-1	3	2	-3	4	3	2	-1	-2	-1	-1	
1041	R	1041-R	-4	-5	-4	-4	-1	-3	-5	-5	-4	-6	-3	-3	-4	-3	-1	-3	0	8	-4	-2	
1042	L	1042-L	-4	-6	0	6	-1	0	-2	-4	-5	-3	-5	-3	-3	-6	-4	-5	-5	-4	-6	-5	
1043	D	1043-D	-3	-4	-5	-5	-5	-5	-6	-6	-3	-6	-2	-3	-5	-1	1	-3	-2	-3	7	3	
1044	A	1044-A	0	-5	0	5	0	4	-1	-3	-4	-3	-3	-3	-3	-5	0	-4	-4	-3	-5	-4	
1045	L	1045-L	-3	-6	0	6	-1	3	-1	-4	-5	-3	-4	-3	-3	-5	-4	-5	-4	-4	-6	-5	
1046	Q	1046-Q	-3	-4	-5	-5	-5	-3	-6	-5	-4	-6	-3	-3	-4	-2	8	1	-1	-1	-3	-1	
1047	R	1047-R	0	-3	-4	-4	-4	-3	-5	-4	-3	-4	-2	-2	-3	-2	0	-2	4	4	-1	4	
1048	Q	1048-Q	-3	-4	-6	-5	-5	-3	-6	-5	-4	-6	-3	-3	-4	-3	9	-2	-1	-2	-3	-1	
1049	L	1049-L	-3	-5	0	6	-1	2	-1	-3	-4	-3	-4	-3	-3	-5	-3	-4	-4	-4	-5	-4	
1050	N	1050-N	-3	-2	-3	-4	-4	-4	-4	-4	-3	-1	0	-2	0	7	-2	3	-2	-2	-1	-2	
1051	R	1051-R	-3	-4	-5	-4	-4	-3	-4	-4	-4	-5	-2	-3	-3	-2	-1	-2	0	8	-3	-2	
1052	L	1052-L	-2	-4	0	5	-1	2	-1	-3	-3	-2	-3	-2	-2	-4	-3	-4	-3	-3	-4	-3	
1053	E	1053-E	-2	-3	-4	-4	-4	-3	-4	-4	-2	-4	-2	-2	-3	-2	0	-2	-1	-2	0	7	
1054	T	1054-T	-1	-2	-2	-3	-2	-2	-3	-3	-2	-2	5	3	-3	1	-1	-2	0	-2	-1	-1	
1055	R	1055-R	-2	-3	-4	-3	-3	-2	-4	-3	-3	-4	-2	-2	-3	-2	4	-1	0	6	-2	-1	
1056	L	1056-L	-2	-4	-1	2	-1	9	-2	-3	-4	-3	-3	-2	-2	-3	-2	-3	-3	-3	-4	-3	
1057	S	1057-S	0	-2	-3	-3	-2	-2	-3	-3	-2	-2	5	4	-3	-1	-1	-2	-2	-2	-2	-2	
1058	A	1058-A	4	-1	-2	-2	-1	-2	-3	-3	-2	-2	2	4	-2	-1	-1	-2	0	-2	-2	-2	
1059	D	1059-D	-3	-3	-4	-4	-4	-4	-4	-5	-3	-4	-2	-2	-4	0	-2	-2	-2	-3	7	0	
1060	M	1060-M	-2	-4	6	1	2	4	-1	-3	-3	-2	-3	-2	-2	-4	-3	-4	-3	-3	-4	-3	
1061	A	1061-A	1	3	-3	-3	-3	-2	-3	-3	-2	-3	1	-1	-2	0	4	1	-1	-1	-1	-1	
1062	T	1062-T	3	-2	0	-2	0	-1	-3	-3	-2	-2	1	4	-2	-2	-2	-2	-1	0	-2	-2	
1063	V	1063-V	-2	-4	7	0	2	0	-2	-3	-3	-2	-3	-2	-2	-4	-3	-4	-3	-4	-4	-4	
1064	L	1064-L	-2	-3	0	4	1	6	-1	-2	-3	-2	-3	-2	-2	-3	-2	-3	-3	-2	-4	-3	
1065	Q	1065-Q	-2	-3	-4	-3	-3	-2	-4	-3	-2	-4	-1	-2	-2	-1	7	3	0	-1	-2	0	
1066	L	1066-L	-2	-4	1	5	0	1	0	-2	-3	-2	-3	-2	-2	-4	-3	-3	-3	-3	-4	-3	
1067	L	1067-L	-2	-4	0	5	0	1	-1	-2	-3	-2	-3	-2	-2	-4	-3	-3	-3	-3	-4	-3	
1068	Q	1068-Q	-2	-3	-4	-3	-3	-2	-4	-3	-2	-4	-1	-2	-3	-1	8	-1	0	0	-2	0	
1069	R	1069-R	-2	-3	-4	-3	-3	-2	-3	-3	-3	-4	-2	-2	-3	-1	0	-1	3	7	-2	-1	
1070	Q	1070-Q	-2	-3	-4	-3	-3	-2	-4	-3	-2	-4	-1	-2	-2	-1	7	1	0	0	-2	0	
1071	M	1071-M	0	-3	0	1	0	8	-2	-3	-3	-3	1	2	-3	-3	-2	-3	-3	-3	-4	-3	
1072	T	1072-T	2	-2	-1	-1	2	1	-3	-3	-1	-2	1	4	-2	-2	-2	-3	-2	-2	-2	-2	
1073	L	1073-L	-2	-4	1	5	2	1	-1	-3	-4	-2	-2	-2	-2	-4	1	-3	-3	-3	-4	-3	
1074	V	1074-V	-2	-2	2	0	6	-1	-2	-4	-4	-2	-3	-2	-3	-3	-4	-5	-4	-4	-5	-4	
1075	P	1075-P	-3	-4	-4	-5	-4	-4	-5	-5	8	-4	-3	-3	-5	-4	-3	-4	-3	-4	-3	-3	
1076	P	1076-P	-3	-4	-4	-5	-4	-4	-5	-5	8	-4	-3	-3	-5	-4	-3	-4	-3	-4	-3	-3	
1077	A	1077-A	6	-1	-3	-3	-2	-2	-4	-4	0	-2	0	0	-3	-3	-2	-3	-2	-3	-3	-2	
1078	Y	1078-Y	-4	-5	-3	-3	-3	-3	1	0	-1	-4	-4	-4	9	-4	-3	0	-4	-4	-5	-4	
1079	S	1079-S	0	-2	-4	-4	-3	-3	-4	-5	-3	-3	6	0	-3	0	-2	-3	-2	-2	-2	-2	
1080	A	1080-A	3	-2	-2	-1	-1	4	-2	-3	1	-2	1	3	0	-2	-2	-2	-2	-2	-3	-2	
1081	V	1081-V	-2	-5	2	0	6	0	-2	-4	-3	-2	-2	-1	-3	-4	-4	-5	-4	-4	-5	-4	
1082	T	1082-T	-1	-2	-2	-2	-2	-2	-3	-4	-1	-2	4	5	-3	-1	-2	-3	-2	-2	-2	-2	
1083	T	1083-T	2	-2	-2	-2	-1	1	-3	-3	-1	-1	3	3	-2	-1	-1	-2	-1	-2	-2	-1	
1084	P	1084-P	-1	0	-3	-3	-3	-3	-3	-3	7	-3	0	-1	1	-2	-1	-2	-2	-2	-2	-2	
1085	G	1085-G	1	4	-3	-3	-2	-2	-2	-3	2	-2	1	-1	-2	0	0	0	-1	-2	0	0	
1086	P	1086-P	-1	-1	-1	-3	-2	-3	-3	-3	7	-3	-1	-2	-1	-2	1	-1	-2	-2	-2	1	
1087	G	1087-G	1	4	-3	-2	-1	-2	-3	-3	3	-3	0	-2	0	-1	-1	-1	-2	-1	-2	-1	
1088	P	1088-P	0	-2	0	-2	-2	-2	-4	-4	6	-3	0	-1	-4	-3	1	-3	-1	-1	-2	-1	
1089	T	1089-T	-1	0	-2	-2	-2	-2	-3	-3	3	-2	1	3	-2	0	0	-2	0	2	-1	1	
1090	S	1090-S	0	0	-2	-2	-1	-2	0	-2	2	-2	3	0	3	0	-1	-1	-1	-2	-1	0	
1091	T	1091-T	0	-2	0	0	0	-1	-2	-3	1	-2	0	3	-2	-1	1	0	-1	-1	0	1	
1092	S	1092-S	-1	0	-2	-1	-2	-2	-1	-3	1	1	2	0	-2	-1	2	0	0	3	-1	1	
1093	P	1093-P	-2	-2	-3	0	-2	-2	-4	-4	7	-4	-1	-1	-4	-3	-1	-3	0	0	-3	-2	
1094	L	1094-L	-1	-2	2	3	2	0	0	-3	-3	-2	-2	-1	-2	-3	-2	-3	-2	-3	-3	-1	
1095	L	1095-L	-1	-2	1	3	0	1	-2	-3	0	-3	-1	-1	-1	-2	3	1	-2	-2	-3	-1	
1096	P	1096-P	-2	-2	-4	-4	-4	-4	-5	-5	8	-4	-2	-1	-4	-3	-3	-1	-2	0	-1	-2	
1097	V	1097-V	0	-3	2	0	5	1	-2	-4	-1	2	-1	-1	-2	-4	-3	-4	-3	-2	-4	-3	
1098	S	1098-S	2	0	-2	-3	-2	-1	-3	-3	0	-2	3	2	-2	1	1	1	-1	-1	-1	0	
1099	P	1099-P	-2	-3	-4	-4	-4	-4	-4	-5	8	-4	1	-1	-4	-3	-1	0	-2	-3	-3	-2	
1100	L	1100-L	-1	-3	3	4	2	1	0	-3	-2	-1	-2	-1	-2	-4	-3	-2	-3	-2	-4	-3	
1101	P	1101-P	0	-3	-4	-3	-3	-3	-4	-4	5	-4	-1	-1	-3	-2	1	-1	2	-1	0	3	
1102	T	1102-T	0	-2	-1	-2	-1	-1	-3	-4	0	-2	3	5	-3	-1	-2	-3	-2	-2	0	-1	
1103	L	1103-L	-2	-3	1	2	-1	0	-1	-3	-2	-3	-1	-1	-2	-1	1	-2	0	2	1	2	
1104	T	1104-T	-1	-2	-3	-3	-2	-2	-4	-4	0	-3	2	5	-3	-1	-1	-3	1	0	-1	1	
1105	L	1105-L	-2	-4	1	4	0	0	2	-3	2	-3	-1	1	-1	-3	-1	-3	-2	-3	-3	-2	
1106	D	1106-D	1	-2	-3	-3	-2	-3	-4	-4	1	-1	2	0	-2	0	1	-2	-1	-2	4	1	
1107	S	1107-S	-1	-2	-1	-3	-2	-3	-4	-4	3	-3	5	2	-3	-1	-2	-3	-2	1	-2	-2	
1108	L	1108-L	-2	-4	0	4	-1	0	0	-3	-1	-2	2	0	-2	-3	-1	-3	-3	-2	-3	-3	
1109	S	1109-S	0	-2	-4	-3	-3	-3	-4	-5	-1	-3	6	0	-4	-1	-2	-3	-2	-3	-2	0	
1110	Q	1110-Q	-3	-4	-5	-4	-3	-3	-5	-4	-1	-5	0	-2	-4	-1	8	-2	-1	-1	-2	1	
1111	V	1111-V	-1	-3	3	0	2	0	0	-3	-3	5	0	-1	-2	-1	-3	2	-2	-3	-3	-3	
1112	S	1112-S	-1	-2	-3	0	-2	-2	-3	-4	5	1	3	-1	-3	1	-2	-3	-2	-3	-1	-1	
1113	Q	1113-Q	-2	-3	-3	-2	-2	-2	-3	-4	-1	-4	1	-2	-3	0	4	0	0	-1	3	4	
1114	F	1114-F	-2	-3	-1	-1	-1	0	6	-1	1	-1	1	-2	3	-1	-3	0	-3	-3	-2	-3	
1115	M	1115-M	-2	-3	-1	3	0	3	-1	-3	1	-3	-1	0	-2	-2	3	-1	0	0	-3	-1	
1116	A	1116-A	2	-2	-3	-2	-1	-2	-3	-4	-2	-3	1	0	-3	1	0	-2	-1	-2	4	1	
1117	C	1117-C	-2	-3	0	2	1	0	4	-2	0	5	-1	-2	0	-3	-3	-3	-1	-3	-3	-2	
1118	E	1118-E	-2	-1	-4	-3	-1	-3	-2	-4	-1	-4	0	-2	-3	-2	1	-2	0	-1	0	6	
1119	E	1119-E	-1	-2	-4	-4	-3	-3	-4	-4	0	-4	1	-1	-3	-1	1	-2	3	0	2	4	
1120	L	1120-L	-1	-3	0	2	-1	0	4	-2	-1	-2	1	-1	0	-2	-1	1	-2	-1	-3	-2	
1121	P	1121-P	0	-3	-3	-3	-3	-3	-4	-4	6	-3	0	-2	-3	-2	-1	2	2	-1	-1	-1	
1122	P	1122-P	1	-2	-2	1	-2	-1	-2	-3	5	0	1	-1	-2	-1	0	1	-2	-1	-2	-1	
1123	G	1123-G	0	3	-2	-2	-1	0	-3	-3	-1	-3	0	0	-3	-1	1	-2	3	0	-2	-1	
1124	A	1124-A	3	-1	-2	-2	0	-2	-3	-3	0	-2	3	0	-2	-1	0	2	-1	-2	0	0	
1125	P	1125-P	-1	-1	-3	-2	-2	-2	-3	-3	5	1	2	-1	-1	-2	-1	-2	2	0	-1	-1	
1126	E	1126-E	-2	-3	-3	-2	-3	-3	-3	-4	0	-1	-1	0	-3	0	1	-1	0	0	1	5	
1127	L	1127-L	-2	-2	0	4	0	0	0	-2	-1	-2	0	0	0	-3	-1	-3	-2	-1	-3	-3	
1128	P	1128-P	-2	-3	-2	0	-2	0	-3	2	6	2	-2	0	-3	-2	-2	-3	0	-2	1	-2	
1129	Q	1129-Q	-1	-2	-2	0	-2	0	-2	-3	-1	-3	0	-1	0	-1	5	2	0	0	1	1	
1130	E	1130-E	-1	-2	-2	0	-2	-2	-3	-4	1	-3	1	0	-3	0	1	-2	-1	-2	4	3	
1131	G	1131-G	0	4	-3	-2	-3	-2	-3	-3	0	-3	1	0	-3	1	1	1	-1	-2	1	0	
1132	P	1132-P	-1	-3	-1	-3	0	-1	-4	-5	7	-4	-1	0	-4	-3	-3	-3	-2	-3	-3	-3	
1133	T	1133-T	0	-2	2	0	1	-1	-1	-3	1	-2	0	2	-1	-1	1	2	-1	-1	-1	-1	
1134	R	1134-R	-3	-4	-4	-1	-4	-1	-4	-4	-1	-5	-2	-3	-3	-2	-1	0	1	7	-3	-2	
1135	R	1135-R	-2	-3	-1	-3	-1	-2	-3	-3	-3	-4	0	-2	0	1	-1	5	0	5	-2	-1	
1136	L	1136-L	-2	-4	-1	3	-1	0	2	-3	4	-3	-1	0	-1	-2	-3	-3	-3	-2	-3	-3	
1137	S	1137-S	1	-2	-1	-3	-2	-3	-4	-4	-2	-2	5	0	-3	-1	-1	-2	-2	-2	0	0	
1138	L	1138-L	-2	-4	0	5	-1	1	-1	-3	-1	0	0	-2	-2	-4	-3	1	-3	-1	-4	-3	
1139	P	1139-P	-2	-4	-4	-4	-4	-3	-5	-5	7	-4	-2	-1	-4	-3	3	1	-2	-3	-2	0	
1140	G	1140-G	-1	4	-4	-4	-2	-3	-4	-4	0	-3	2	-1	-3	-1	-1	1	-1	-2	1	2	
1141	Q	1141-Q	-1	-2	-4	-4	-2	-2	-4	-4	3	-4	2	-1	-3	1	6	-1	-1	-1	-2	0	
1142	L	1142-L	-2	-4	0	4	0	0	-1	-3	-1	-3	-2	-1	0	-3	2	2	-2	-2	-3	-2	
1143	G	1143-G	1	3	-2	-1	-1	0	-3	-3	-1	-2	3	2	-3	-1	-1	-2	-1	-2	-1	-2	
1144	A	1144-A	2	0	-1	-2	0	-2	-3	-3	3	-2	1	2	-3	-1	-1	-2	0	-2	-2	-1	
1145	L	1145-L	-1	-3	1	3	2	1	-1	-2	0	-2	-1	0	-2	-3	-1	-3	-2	-1	-3	-2	
1146	T	1146-T	-1	2	-2	-1	-2	-2	-2	-3	0	-2	1	3	0	-1	-1	-2	-1	-1	2	-1	
1147	S	1147-S	0	-1	2	0	-1	-1	-2	-3	0	-2	3	0	-2	-1	-1	-2	1	-1	-2	-1	
1148	Q	1148-Q	-2	-1	-2	1	-2	-1	-2	-3	-2	-3	0	0	-2	-1	4	2	0	2	0	0	
1149	P	1149-P	-1	0	-3	-3	-2	-2	-3	-3	6	-2	2	3	-3	-1	-2	-2	-1	-2	-1	-2	
1150	L	1150-L	-2	-4	1	4	0	1	-1	-3	3	-2	-3	-2	-2	-4	-1	-3	-3	-3	-4	-3	
1151	H	1151-H	-3	-2	-4	-4	-2	-3	-3	-4	-3	-4	-2	-3	0	-1	4	9	-2	-1	-2	-1	
1152	R	1152-R	-3	-4	-4	-4	-4	-3	-4	-4	-3	-5	-2	-1	-3	-2	1	-2	2	7	-3	-1	
1153	H	1153-H	-3	-4	-5	-5	-5	-3	-3	-4	-4	-5	-3	-4	0	-1	-1	10	-2	-2	-3	-2	
1154	G	1154-G	-1	3	0	-1	2	-1	-3	-3	-3	4	1	-1	-3	-2	-2	-3	-2	-3	-3	-3	
1155	S	1155-S	0	-2	-4	-4	-3	-3	-4	-4	-2	-2	6	0	-3	-1	-1	-2	-2	-2	-2	-2	
1156	D	1156-D	-3	-3	-4	-5	-2	-4	-5	-6	-3	-5	-2	-2	-4	1	-2	-2	-2	-3	7	0	
1157	P	1157-P	-2	-4	-4	-5	-4	-4	-5	-5	8	-4	-2	-3	-5	-4	-3	-4	-3	-4	-3	-3	
1158	G	1158-G	-1	7	-5	-5	-4	-4	-4	-4	-3	-4	-1	-3	-4	-2	-3	-3	-3	-3	-2	-1	
1159	S	1159-S	0	-1	-3	-3	-3	-2	-3	-4	-2	-2	6	1	-3	0	-1	-2	-1	-2	-1	-1	
